/*--------------------------------*- C++ -*----------------------------------*\
| =========                 |                                                 |
| \\      /  F ield         | OpenFOAM: The Open Source CFD Toolbox           |
|  \\    /   O peration     | Version:  3.0.1                                 |
|   \\  /    A nd           | Web:      www.OpenFOAM.org                      |
|    \\/     M anipulation  |                                                 |
\*---------------------------------------------------------------------------*/
FoamFile
{
    version     2.0;
    format      ascii;
    class       volScalarField;
    location    "4.6";
    object      p;
}
// * * * * * * * * * * * * * * * * * * * * * * * * * * * * * * * * * * * * * //

dimensions      [0 2 -2 0 0 0 0];

internalField   nonuniform List<scalar> 
9600
(
2.87942e-10
-0.000511234
-0.000139966
0.00209227
0.00196829
0.000212305
0.00130275
0.0058921
0.0050128
0.0071666
0.00648012
0.00855321
0.00958071
0.0105944
0.0105659
0.0121814
0.0145423
0.0168239
0.0182029
0.0228195
-2.20017e-06
-0.000522688
-0.000131367
0.00212511
0.0019336
0.000187757
0.00130638
0.00589302
0.00502576
0.00716257
0.00647417
0.00856296
0.00958473
0.0105966
0.0105637
0.0121738
0.0145416
0.0167608
0.0182466
0.0223783
-4.63429e-06
-0.000533607
-0.000121875
0.00215286
0.00187339
0.000174962
0.0013192
0.00590469
0.00503922
0.00713881
0.00647603
0.00857051
0.00958917
0.0105937
0.010559
0.012163
0.0145363
0.0166998
0.018248
0.0219046
-6.09234e-06
-0.000539939
-0.00010838
0.00216664
0.00181148
0.000197528
0.00134066
0.00592605
0.00506444
0.00709779
0.006489
0.00856963
0.00959323
0.0105847
0.0105518
0.01215
0.0145282
0.0166348
0.0182178
0.0214518
-6.47311e-06
-0.000538862
-8.89003e-05
0.00216525
0.00175848
0.000253942
0.00137329
0.00595707
0.00510639
0.00704336
0.00651267
0.00856208
0.00959678
0.0105699
0.0105423
0.0121326
0.0145184
0.0165634
0.0181621
0.0210166
-5.72472e-06
-0.000527924
-6.24211e-05
0.00214998
0.00172177
0.00033942
0.00141966
0.00599486
0.00516631
0.00698332
0.00654729
0.00855151
0.00959947
0.0105503
0.0105313
0.012111
0.0145081
0.0164864
0.0180822
0.0205936
-3.93434e-06
-0.000506393
-2.9798e-05
0.00212467
0.00170787
0.000448404
0.00148062
0.00603589
0.00524169
0.00692394
0.00659154
0.00854059
0.00960269
0.0105274
0.0105198
0.0120863
0.0144959
0.0164043
0.0179778
0.02018
-1.31648e-06
-0.000474694
7.94605e-06
0.00209437
0.00171732
0.000572857
0.00155346
0.00607692
0.00532874
0.00686758
0.00664297
0.00853077
0.00960593
0.0105021
0.0105079
0.012059
0.0144797
0.0163176
0.017849
0.0197752
1.98069e-06
-0.000433357
5.07231e-05
0.00206349
0.00174345
0.000703622
0.00163257
0.00611545
0.00542333
0.00681389
0.00669898
0.00852245
0.00960907
0.0104748
0.0104952
0.0120292
0.0144581
0.0162265
0.0176971
0.0193789
5.90145e-06
-0.00038263
9.9176e-05
0.00203509
0.00177731
0.000832925
0.00171145
0.00614981
0.00552148
0.00676189
0.00675737
0.00851542
0.00961244
0.0104468
0.0104814
0.011998
0.0144304
0.0161306
0.0175246
0.0189906
1.04565e-05
-0.000322748
0.000153545
0.00201144
0.00181359
0.000955886
0.00178453
0.00617893
0.00561971
0.00671094
0.00681657
0.00850961
0.00961696
0.0104199
0.0104669
0.0119668
0.0143955
0.0160292
0.0173348
0.0186102
1.57892e-05
-0.000254394
0.000212992
0.00199439
0.00185157
0.00107065
0.00184827
0.00620213
0.00571547
0.00666078
0.00687552
0.00850554
0.00962357
0.0103962
0.0104526
0.0119365
0.0143535
0.0159222
0.0171317
0.0182372
2.21769e-05
-0.00017893
0.000276045
0.00198494
0.00189277
0.00117742
0.00190171
0.00621924
0.00580749
0.00661143
0.0069334
0.00850384
0.00963253
0.0103775
0.0104391
0.0119076
0.0143053
0.0158102
0.016918
0.0178706
2.99459e-05
-9.81394e-05
0.000341459
0.00198305
0.00193855
0.00127759
0.00194612
0.00623057
0.00589572
0.00656306
0.00698948
0.00850504
0.00964343
0.0103645
0.0104269
0.0118806
0.014253
0.0156927
0.0166954
0.0175098
3.93817e-05
-1.37325e-05
0.000408656
0.00198771
0.00198885
0.00137276
0.00198482
0.00623677
0.00598094
0.006516
0.0070431
0.00850958
0.00965527
0.010358
0.0104153
0.0118551
0.0141978
0.0155688
0.016465
0.0171563
5.06935e-05
7.2983e-05
0.000477598
0.00199758
0.00204263
0.00146419
0.00202156
0.00623857
0.00606412
0.00647079
0.00709379
0.00851784
0.0096668
0.010354
0.010404
0.0118295
0.0141403
0.0154378
0.016228
0.016812
6.40805e-05
0.000161128
0.000548467
0.00201146
0.00209873
0.0015526
0.00205943
0.00623672
0.00614599
0.00642811
0.0071411
0.00853011
0.00967691
0.010352
0.0103924
0.0118019
0.0140806
0.0153003
0.0159851
0.0164776
7.97543e-05
0.000250091
0.000621503
0.00202856
0.00215632
0.00163834
0.00210044
0.00623196
0.00622694
0.00638865
0.00718462
0.00854665
0.00968488
0.0103506
0.0103805
0.0117705
0.0140184
0.0151574
0.0157358
0.0161525
9.79285e-05
0.00033941
0.000696938
0.00204857
0.00221499
0.00172166
0.00214572
0.006225
0.006307
0.0063531
0.00722401
0.00856746
0.00969062
0.0103487
0.0103683
0.0117339
0.0139528
0.0150109
0.0154793
0.0158348
0.000118832
0.000428737
0.000774971
0.00207141
0.00227467
0.00180279
0.00219572
0.00621643
0.00638604
0.00632208
0.00725892
0.00859227
0.00969432
0.0103451
0.0103561
0.0116912
0.0138826
0.0148627
0.0152157
0.0155222
0.000142707
0.000517765
0.000855804
0.00209721
0.00233536
0.00188184
0.00225059
0.0062069
0.00646389
0.00629612
0.00728907
0.00862091
0.00969624
0.010339
0.0103438
0.0116418
0.0138062
0.0147145
0.0149468
0.0152125
0.000169813
0.000606225
0.000939604
0.00212618
0.00239767
0.00195903
0.00231036
0.00619704
0.00654029
0.00627563
0.00731429
0.00865319
0.00969703
0.0103296
0.0103315
0.0115855
0.0137218
0.0145671
0.0146745
0.0149042
0.000200425
0.000693879
0.00102647
0.00215853
0.00246022
0.00203469
0.00237494
0.00618734
0.00661492
0.00626092
0.00733479
0.00868859
0.00969719
0.0103159
0.0103187
0.0115228
0.0136282
0.0144206
0.0143999
0.0145955
0.000234834
0.0007805
0.00111642
0.00219455
0.00252333
0.00210908
0.0024441
0.00617828
0.00668753
0.00625203
0.00735073
0.00872653
0.00969705
0.0102975
0.0103051
0.0114542
0.0135243
0.0142757
0.0141251
0.0142826
0.000273355
0.000865882
0.00120933
0.00223451
0.002587
0.00218248
0.00251749
0.00617029
0.00675826
0.00624888
0.00736191
0.00876658
0.00969721
0.0102735
0.0102901
0.0113802
0.0134091
0.0141332
0.0138542
0.01396
0.000316305
0.000949884
0.00130503
0.00227867
0.00265115
0.00225526
0.00259462
0.0061635
0.00682732
0.00625166
0.00736823
0.0088081
0.00969845
0.0102437
0.0102729
0.0113016
0.0132813
0.0139929
0.0135946
0.0136253
0.000363984
0.00103245
0.00140332
0.00232731
0.00271573
0.00232778
0.00267513
0.00615783
0.00689464
0.00626072
0.0073698
0.00885012
0.00970152
0.0102077
0.0102529
0.01122
0.0131392
0.0138511
0.0133534
0.0132836
0.000416682
0.00111355
0.00150386
0.00238073
0.00278077
0.00240039
0.00275882
0.00615339
0.00695996
0.00627624
0.00736686
0.00889145
0.00970691
0.0101653
0.0102293
0.0111383
0.0129836
0.013701
0.0131328
0.0129474
0.000474661
0.00119322
0.00160629
0.00243919
0.00284621
0.00247327
0.00284568
0.00615041
0.00702308
0.00629825
0.00735973
0.00893082
0.00971504
0.0101171
0.0102004
0.0110581
0.0128187
0.0135381
0.0129277
0.0126276
0.000538157
0.0012716
0.00171016
0.002503
0.00291213
0.00254655
0.00293564
0.00614906
0.00708383
0.00632669
0.00734868
0.00896695
0.00972612
0.0100639
0.0101645
0.0109791
0.0126492
0.0133635
0.0127307
0.0123273
0.000607409
0.00134896
0.001815
0.00257227
0.00297888
0.0026204
0.00302855
0.00614974
0.00714197
0.00636144
0.00733414
0.00899866
0.00973999
0.0100064
0.0101208
0.0109004
0.0124768
0.0131807
0.012539
0.0120443
0.000682596
0.00142561
0.00192034
0.00264701
0.00304691
0.00269478
0.00312409
0.00615295
0.00719715
0.00640212
0.00731683
0.00902493
0.00975641
0.00994503
0.010069
0.0108229
0.0123026
0.01299
0.0123537
0.0117784
0.000763763
0.00150212
0.00202578
0.00272715
0.00311687
0.00276962
0.00322143
0.00615901
0.00724949
0.00644827
0.00729754
0.0090444
0.00977477
0.00988066
0.0100077
0.0107481
0.0121302
0.0127897
0.0121736
0.0115341
0.000850961
0.00157895
0.00213109
0.00281243
0.00318932
0.00284511
0.00331991
0.00616836
0.00729957
0.0064991
0.00727656
0.0090559
0.00979444
0.00981455
0.00993447
0.010675
0.0119656
0.0125808
0.0119929
0.0113146
0.000944298
0.00165739
0.00223607
0.00290255
0.00326472
0.00292174
0.00341912
0.00618123
0.00734779
0.00655373
0.0072538
0.0090586
0.00981515
0.0097484
0.0098481
0.0105998
0.0118128
0.0123694
0.0118057
0.0111175
0.00104378
0.00173644
0.00234071
0.00299704
0.00334361
0.0030001
0.00351808
0.00619723
0.00739472
0.00661213
0.0072292
0.00905137
0.00983655
0.00968472
0.00974887
0.0105181
0.0116724
0.0121631
0.0116101
0.0109353
0.00114942
0.00181717
0.00244528
0.00309548
0.00342609
0.00308091
0.00361579
0.0062155
0.00744116
0.00667498
0.00720299
0.00903222
0.00985756
0.00962641
0.00963822
0.0104265
0.0115429
0.0119679
0.0114078
0.0107593
0.00126126
0.00189967
0.00255009
0.00319788
0.00351218
0.00316499
0.00371173
0.00623469
0.00748746
0.00674333
0.00717596
0.00899891
0.00987566
0.00957628
0.00951865
0.0103219
0.0114219
0.0117887
0.0112026
0.0105798
0.00137939
0.00198385
0.00265561
0.00330437
0.00360176
0.00325362
0.00380576
0.00625298
0.00753315
0.00681782
0.00714929
0.00895005
0.0098877
0.00953708
0.0093939
0.0102006
0.0113058
0.0116303
0.0110017
0.010389
0.00150399
0.00206949
0.00276222
0.00341531
0.00369376
0.0033485
0.00389888
0.00626906
0.00757704
0.00689861
0.00712516
0.00888475
0.00988996
0.00951104
0.00926893
0.0100592
0.0111877
0.0114955
0.0108179
0.0101859
0.0016353
0.0021565
0.00286995
0.00353134
0.00378683
0.00344959
0.00399294
0.00628221
0.00761742
0.00698562
0.00710676
0.00880323
0.00987799
0.00949816
0.00915038
0.009898
0.0110583
0.0113811
0.010664
0.00997983
0.00177339
0.00224525
0.0029783
0.00365327
0.0038808
0.00355675
0.00408973
0.00629177
0.00765193
0.00707777
0.00709729
0.00870834
0.00984747
0.00949542
0.00904608
0.00972144
0.0109102
0.011279
0.0105467
0.00978898
0.00191828
0.00233635
0.00308628
0.00378222
0.00397669
0.00366742
0.00419055
0.00629859
0.00767817
0.00717278
0.00709896
0.00860393
0.00979589
0.00949861
0.00896142
0.00953548
0.0107391
0.0111801
0.0104656
0.00963239
0.0020701
0.00243075
0.00319221
0.00391889
0.00407653
0.00377862
0.00429573
0.00630509
0.00769419
0.00726754
0.00711313
0.00849402
0.00972301
0.00950336
0.00889843
0.00934641
0.0105421
0.0110764
0.0104156
0.00952306
0.00222867
0.00252966
0.00329393
0.00406279
0.0041835
0.00388674
0.00440452
0.00631509
0.00769959
0.00735785
0.0071401
0.00838384
0.00963012
0.0095048
0.0088584
0.00916287
0.010318
0.0109587
0.0103888
0.00946413
0.00239347
0.00263451
0.00339018
0.00421246
0.0043008
0.00399028
0.00451512
0.00633269
0.00769667
0.00743902
0.00717739
0.00827869
0.00952075
0.00949846
0.00883905
0.00899517
0.0100712
0.0108155
0.0103739
0.00944975
0.002564
0.00274687
0.00348055
0.00436506
0.00443184
0.00408963
0.00462315
0.00635981
0.00768947
0.00750848
0.00722121
0.00818216
0.00939969
0.00948109
0.00883558
0.00885084
0.00981314
0.010639
0.0103573
0.00947049
0.00273947
0.00286832
0.00356519
0.00451655
0.00457973
0.00418715
0.00472185
0.00639528
0.00768375
0.0075666
0.00726826
0.00809583
0.00927119
0.00945119
0.00884253
0.00873303
0.00955692
0.010429
0.0103246
0.0095156
0.0029188
0.00300023
0.00364571
0.00466207
0.0047451
0.00428766
0.00480556
0.00643455
0.0076864
0.00761798
0.00731552
0.00801911
0.00913783
0.00940854
0.00885681
0.0086434
0.0093127
0.010191
0.0102633
0.00957252
0.00310114
0.00314363
0.00372494
0.0047962
0.00492547
0.00439998
0.0048723
0.00646887
0.00770085
0.00767022
0.0073623
0.00795066
0.00900133
0.00935129
0.00887617
0.00858377
0.00909067
0.00993312
0.0101654
0.00962735
0.00328549
0.00329917
0.00380645
0.00491433
0.00511702
0.00453307
0.00492361
0.00648778
0.00772492
0.00773131
0.0074116
0.00788968
0.00886355
0.00927872
0.00889326
0.00855455
0.00890163
0.00966771
0.010028
0.00966506
0.00347051
0.00346715
0.00389416
0.00501353
0.00531298
0.00469301
0.00496547
0.00648259
0.00775137
0.00780697
0.00746965
0.00783639
0.00872569
0.00919202
0.00890403
0.00854936
0.00875403
0.00941206
0.00985502
0.00967277
0.0036557
0.0036474
0.00399197
0.00509308
0.0055031
0.0048825
0.00501104
0.00644996
0.00776729
0.00789739
0.00754449
0.00779484
0.00858871
0.00909213
0.00890404
0.00855891
0.00864833
0.00918214
0.00965905
0.00964363
0.00384045
0.00383867
0.00410367
0.0051545
0.00567622
0.00509815
0.0050775
0.00639332
0.007758
0.00799667
0.00764147
0.00777208
0.008456
0.00897943
0.00889211
0.0085782
0.00857809
0.00898779
0.00945615
0.00957785
0.00402445
0.00403923
0.00423164
0.00520138
0.00582442
0.00533274
0.00517832
0.00632556
0.00771394
0.00809146
0.00776105
0.00777561
0.00833516
0.00885628
0.00889057
0.00860312
0.0085372
0.00883231
0.00926092
0.00948267
0.00420774
0.00424575
0.00437727
0.00523958
0.00594363
0.00557354
0.00531863
0.0062663
0.00763458
0.00816333
0.00789861
0.00781055
0.00823481
0.00872416
0.00883128
0.00862184
0.0085208
0.00871612
0.00908534
0.00936953
0.00439036
0.00445516
0.00454128
0.00527686
0.0060321
0.00580581
0.00549597
0.00623485
0.00752833
0.00819633
0.00804218
0.00787929
0.00816282
0.00859377
0.00875463
0.00862602
0.00852106
0.00863711
0.00893819
0.00925141
0.00457253
0.00466343
0.00472236
0.00532295
0.00609072
0.00601766
0.00570317
0.0062434
0.00741306
0.00818478
0.0081731
0.00797913
0.00812614
0.00847562
0.008667
0.00861137
0.00852628
0.00859003
0.00882351
0.00913896
0.00475472
0.00486549
0.00491727
0.00538674
0.00612635
0.00620078
0.00592697
0.00629504
0.00730884
0.0081325
0.0082725
0.00809903
0.00813025
0.00838004
0.00857442
0.00857963
0.00852739
0.00856613
0.00874189
0.00903936
0.00493722
0.00506098
0.00511976
0.0054723
0.00615066
0.00635067
0.00615207
0.00638687
0.00723194
0.00805357
0.008331
0.00822131
0.00817393
0.00831758
0.00848482
0.00853621
0.00852082
0.00855589
0.00869203
0.00895977
0.00512045
0.00524986
0.00532259
0.00557999
0.00617511
0.00646806
0.00636531
0.00651148
0.00719157
0.00796648
0.00834913
0.00832877
0.00824637
0.00829432
0.00841062
0.00848218
0.0085046
0.0085498
0.00866774
0.0089068
0.00530457
0.00543246
0.00552007
0.00570744
0.00620879
0.00655713
0.00655734
0.00665825
0.0071902
0.00788793
0.0083343
0.00841076
0.00833306
0.00830883
0.00836359
0.00842992
0.00847997
0.00854016
0.00865722
0.00888071
0.00548876
0.00560926
0.00570938
0.00585029
0.00625741
0.00662545
0.00672285
0.00681534
0.00722574
0.00783068
0.00830049
0.00846392
0.00842089
0.00835323
0.00834838
0.00839131
0.00845282
0.00852592
0.00864986
0.00887343
0.00567183
0.00578157
0.00588916
0.00600205
0.0063237
0.00668255
0.00686081
0.00697158
0.00729223
0.00780172
0.00826295
0.00849089
0.00849946
0.00841925
0.0083649
0.00837314
0.00842797
0.00851215
0.00864265
0.00887382
0.00585252
0.00594989
0.00605925
0.00615654
0.00640716
0.00673702
0.00697321
0.00711859
0.00738144
0.00780256
0.0082341
0.008501
0.00856257
0.00849705
0.00841076
0.00837979
0.00841712
0.00850411
0.0086403
0.00887827
0.00602948
0.0061146
0.00622003
0.00630874
0.00650503
0.00679519
0.00706459
0.00725059
0.00748437
0.00783183
0.00822224
0.00850695
0.00861199
0.00857518
0.00848138
0.00841572
0.00842949
0.00850932
0.00864553
0.00888844
0.00620137
0.00627489
0.00637217
0.0064549
0.00661298
0.0068608
0.00714151
0.00736545
0.00759246
0.00788565
0.00823126
0.00851783
0.00865623
0.00865023
0.00856767
0.00848199
0.00846434
0.00852726
0.00866249
0.0089071
0.00636658
0.00643096
0.00651662
0.0065929
0.0067254
0.00693405
0.00720981
0.00746393
0.00769896
0.00795766
0.00826306
0.00854026
0.00870333
0.00872715
0.00866252
0.00857488
0.00852986
0.00857218
0.00869924
0.00893872
0.00652354
0.00658052
0.00665367
0.00672207
0.00683819
0.00701431
0.00727434
0.00754724
0.00779894
0.0080417
0.00831658
0.00857947
0.0087589
0.00881461
0.00877093
0.00869074
0.00862847
0.0086413
0.00874681
0.00898108
0.00667124
0.00672155
0.00678312
0.0068412
0.00694594
0.0070986
0.00733948
0.00761871
0.00788819
0.00813257
0.00838995
0.0086373
0.00882403
0.00891194
0.00889911
0.00883488
0.00877066
0.00875888
0.00884293
0.00906017
0.00680842
0.00685606
0.00690502
0.0069499
0.00704396
0.00717981
0.00740418
0.00768309
0.00796419
0.00822161
0.00848237
0.00872538
0.00891244
0.00902168
0.00904241
0.00899705
0.00893989
0.00891532
0.00897181
0.0091639
0.00693246
0.00697832
0.00701814
0.00705004
0.00713383
0.00725573
0.00746354
0.00774035
0.00802883
0.00829353
0.00857202
0.00884278
0.00906504
0.0092142
0.00927494
0.00925578
0.00920257
0.00916844
0.00919737
0.00935121
0.00704183
0.00708528
0.00712089
0.00713966
0.00721288
0.00732654
0.0075179
0.00778612
0.00808639
0.00835764
0.00861396
0.00887555
0.00912676
0.00933591
0.00948228
0.0095371
0.00952348
0.00949955
0.00951583
0.00964421
0.00713817
0.00718226
0.00720961
0.0072114
0.00727304
0.00738363
0.00756723
0.00781471
0.00812568
0.00847994
0.00885651
0.00919158
0.00946022
0.00968412
0.00985701
0.00997034
0.0099772
0.00993473
0.00989119
0.00990365
0.00721904
0.0072626
0.00728195
0.00726995
0.00732007
0.00742255
0.00759753
0.00781929
0.00803296
0.00823252
0.0084644
0.00881354
0.00934484
0.00989326
0.0103319
0.0106635
0.0109244
0.0111718
0.0114488
0.0117086
0.0072728
0.00731822
0.00734988
0.00734632
0.00739834
0.0074881
0.00762358
0.00781299
0.00811169
0.00856831
0.0091085
0.009573
0.00993914
0.0102426
0.0104733
0.0106996
0.0109224
0.0111543
0.0113834
0.0115466
0.00729394
0.0073252
0.0073388
0.00732463
0.00737523
0.00750064
0.00775156
0.00810577
0.00849558
0.00884378
0.00916398
0.00941994
0.00968819
0.0100339
0.0104199
0.0108439
0.0113313
0.0117874
0.0121496
0.0123389
0.00731253
0.00739051
0.00746096
0.00751068
0.00762933
0.00780847
0.00804394
0.00830267
0.008602
0.00892267
0.00927791
0.00965794
0.00998164
0.0102544
0.0104514
0.0105161
0.0104748
0.0103706
0.0102438
0.0101681
0.00718459
0.0072421
0.00742817
0.0076024
0.00777204
0.00793267
0.00812722
0.00834638
0.00862474
0.00892736
0.00924171
0.00958694
0.00991732
0.0102509
0.010626
0.0110248
0.011423
0.0117941
0.0121082
0.0123037
0.00721757
0.00730098
0.00751325
0.00771871
0.00793013
0.00811982
0.00832852
0.00853622
0.00878973
0.00908044
0.00937557
0.00970516
0.010045
0.0103514
0.0106614
0.0109507
0.0112167
0.0114651
0.0116712
0.0117756
0.0258179
0.0196966
0.0116689
0.00608716
0.00491795
0.00618512
0.00761085
0.00851235
0.00898201
0.00935116
0.00984078
0.0103415
0.0106506
0.0108453
0.0111101
0.0114563
0.0118005
0.012079
0.0123267
0.0126741
0.0131222
0.0135009
0.0137284
0.0139255
0.0142494
0.0146795
0.0150521
0.0153359
0.0156695
0.016084
0.0164593
0.0167734
0.017119
0.0175329
0.0179841
0.0184587
0.0189567
0.0194443
0.0199096
0.0203746
0.0208214
0.0212345
0.021635
0.0220361
0.022459
0.0229391
0.0234527
0.0239541
0.024455
0.0249996
0.0255599
0.0260875
0.0266129
0.0271954
0.0277746
0.0283061
0.0288522
0.0294264
0.0300049
0.0306003
0.0312369
0.0319034
0.0325982
0.0332881
0.0339698
0.0346101
0.035259
0.0359664
0.0367152
0.0374496
0.0382051
0.0389808
0.0397483
0.0405216
0.0413168
0.0421489
0.042987
0.0438544
0.0447257
0.0456258
0.0465338
0.047477
0.0484317
0.0494089
0.0504183
0.0514461
0.0524932
0.0535402
0.0545941
0.0556884
0.0567864
0.057934
0.0590545
0.0602057
0.0613485
0.0624926
0.0636119
0.0646619
0.0655933
0.0663587
0.0250751
0.0195521
0.0117547
0.00623631
0.00500794
0.00622752
0.00763774
0.00853182
0.00899598
0.00936129
0.00984891
0.0103488
0.0106572
0.0108509
0.0111149
0.0114607
0.0118046
0.0120827
0.0123298
0.0126767
0.0131247
0.0135034
0.0137307
0.0139274
0.014251
0.014681
0.0150536
0.0153372
0.0156706
0.0160851
0.0164604
0.0167744
0.0171199
0.0175337
0.0179849
0.0184595
0.0189574
0.019445
0.0199103
0.0203752
0.0208221
0.0212352
0.0216357
0.0220368
0.0224595
0.0229396
0.0234532
0.0239546
0.0244555
0.0250001
0.0255604
0.026088
0.0266133
0.0271958
0.027775
0.0283065
0.0288525
0.0294268
0.0300052
0.0306006
0.0312372
0.0319037
0.0325984
0.0332884
0.0339701
0.0346104
0.0352593
0.0359666
0.0367154
0.0374498
0.0382052
0.038981
0.0397485
0.0405218
0.041317
0.042149
0.0429872
0.0438545
0.0447258
0.0456259
0.046534
0.0474771
0.0484318
0.049409
0.0504184
0.0514462
0.0524933
0.0535403
0.0545942
0.0556885
0.0567865
0.0579341
0.0590546
0.0602058
0.0613486
0.0624926
0.063612
0.0646619
0.0655933
0.0663586
0.0243838
0.0194018
0.0119189
0.00650448
0.00516305
0.0062826
0.00766205
0.008551
0.00901331
0.00937571
0.00985987
0.0103572
0.0106639
0.0108566
0.0111199
0.0114651
0.0118085
0.0120863
0.0123329
0.0126794
0.0131273
0.0135059
0.0137328
0.0139291
0.0142525
0.0146825
0.015055
0.0153384
0.0156716
0.0160861
0.0164614
0.0167753
0.0171206
0.0175344
0.0179856
0.0184601
0.018958
0.0194457
0.0199109
0.0203759
0.0208227
0.0212358
0.0216362
0.0220373
0.02246
0.0229401
0.0234537
0.0239551
0.024456
0.0250005
0.0255608
0.0260884
0.0266136
0.0271962
0.0277754
0.0283068
0.0288528
0.0294271
0.0300055
0.0306009
0.0312374
0.0319039
0.0325987
0.0332887
0.0339703
0.0346106
0.0352594
0.0359668
0.0367156
0.03745
0.0382054
0.0389812
0.0397487
0.040522
0.0413171
0.0421492
0.0429873
0.0438547
0.0447259
0.045626
0.0465341
0.0474772
0.0484319
0.0494091
0.0504185
0.0514463
0.0524934
0.0535404
0.0545943
0.0556886
0.0567866
0.0579342
0.0590547
0.0602059
0.0613487
0.0624927
0.0636121
0.064662
0.0655933
0.0663586
0.023724
0.0192473
0.0121271
0.00684393
0.0053774
0.006361
0.00769597
0.00857822
0.00903944
0.00939835
0.00987625
0.0103679
0.010672
0.0108643
0.011127
0.0114707
0.011813
0.0120907
0.0123373
0.0126833
0.0131305
0.0135086
0.0137355
0.0139317
0.0142547
0.0146844
0.0150567
0.0153398
0.0156729
0.0160874
0.0164626
0.0167762
0.0171214
0.0175352
0.0179863
0.0184609
0.0189587
0.0194463
0.0199116
0.0203765
0.0208233
0.0212364
0.0216367
0.0220378
0.0224605
0.0229405
0.0234542
0.0239556
0.0244564
0.0250009
0.0255613
0.0260888
0.026614
0.0271966
0.0277758
0.0283072
0.0288531
0.0294274
0.0300058
0.0306012
0.0312377
0.0319042
0.0325989
0.0332889
0.0339706
0.0346108
0.0352596
0.035967
0.0367158
0.0374501
0.0382056
0.0389814
0.0397489
0.0405221
0.0413173
0.0421493
0.0429875
0.0438548
0.0447261
0.0456262
0.0465342
0.0474774
0.048432
0.0494092
0.0504187
0.0514464
0.0524935
0.0535405
0.0545944
0.0556887
0.0567867
0.0579343
0.0590548
0.0602059
0.0613488
0.0624928
0.0636122
0.0646621
0.0655935
0.0663586
0.02307
0.0190755
0.0123466
0.00720659
0.00561709
0.00645188
0.00773515
0.00861159
0.00907398
0.00942979
0.00989905
0.0103818
0.0106823
0.0108751
0.0111375
0.0114787
0.0118187
0.0120963
0.0123437
0.0126891
0.0131345
0.0135116
0.0137391
0.0139359
0.0142585
0.0146871
0.0150588
0.015342
0.015675
0.0160893
0.0164641
0.0167774
0.0171224
0.0175361
0.0179872
0.0184617
0.0189595
0.0194471
0.0199123
0.0203773
0.0208241
0.021237
0.0216373
0.0220383
0.022461
0.022941
0.0234547
0.0239561
0.0244569
0.0250014
0.0255618
0.0260893
0.0266144
0.027197
0.0277763
0.0283076
0.0288535
0.0294277
0.0300061
0.0306014
0.031238
0.0319044
0.0325992
0.0332892
0.0339709
0.0346111
0.0352598
0.0359672
0.036716
0.0374503
0.0382058
0.0389815
0.039749
0.0405223
0.0413174
0.0421495
0.0429876
0.043855
0.0447262
0.0456263
0.0465343
0.0474775
0.0484321
0.0494093
0.0504188
0.0514465
0.0524936
0.0535406
0.0545945
0.0556888
0.0567868
0.0579344
0.0590549
0.060206
0.0613489
0.0624929
0.0636123
0.0646623
0.0655938
0.0663586
0.0224198
0.0188814
0.0125602
0.00757378
0.00586978
0.00654942
0.00777506
0.00864706
0.00911336
0.00946685
0.00992601
0.0103977
0.0106941
0.0108884
0.0111513
0.0114894
0.011826
0.0121036
0.0123526
0.0126972
0.0131393
0.0135146
0.0137436
0.0139423
0.0142642
0.0146908
0.0150617
0.0153452
0.0156784
0.016092
0.0164661
0.0167791
0.0171238
0.0175373
0.0179883
0.0184627
0.0189604
0.0194479
0.0199132
0.0203782
0.0208249
0.0212376
0.0216378
0.0220389
0.0224615
0.0229415
0.0234552
0.0239567
0.0244575
0.025002
0.0255623
0.0260898
0.0266149
0.0271975
0.0277768
0.028308
0.0288539
0.0294281
0.0300065
0.0306018
0.0312383
0.0319048
0.0325995
0.0332896
0.0339713
0.0346114
0.03526
0.0359674
0.0367163
0.0374506
0.038206
0.0389818
0.0397492
0.0405225
0.0413176
0.0421496
0.0429878
0.0438551
0.0447264
0.0456264
0.0465345
0.0474776
0.0484323
0.0494094
0.0504189
0.0514466
0.0524937
0.0535407
0.0545946
0.0556889
0.0567869
0.0579345
0.059055
0.0602061
0.061349
0.062493
0.0636125
0.0646626
0.0655942
0.0663586
0.0217794
0.0186653
0.0127607
0.0079405
0.00613461
0.0066545
0.00781545
0.00868329
0.00915582
0.00950748
0.00995546
0.0104148
0.0107067
0.0109034
0.0111674
0.0115022
0.011835
0.0121126
0.0123638
0.0127073
0.0131447
0.0135174
0.0137487
0.0139505
0.0142719
0.0146956
0.0150652
0.0153496
0.0156831
0.0160958
0.016469
0.0167816
0.0171259
0.0175389
0.0179897
0.0184639
0.0189613
0.0194487
0.0199142
0.0203794
0.0208259
0.0212383
0.0216385
0.0220397
0.0224622
0.022942
0.0234556
0.0239573
0.0244582
0.0250026
0.0255629
0.0260904
0.0266156
0.0271981
0.0277773
0.0283085
0.0288544
0.0294285
0.0300068
0.0306021
0.0312387
0.0319051
0.0325999
0.03329
0.0339718
0.0346117
0.0352603
0.0359676
0.0367166
0.0374509
0.0382062
0.038982
0.0397495
0.0405227
0.0413178
0.0421498
0.042988
0.0438553
0.0447265
0.0456266
0.0465346
0.0474777
0.0484324
0.0494095
0.050419
0.0514468
0.0524939
0.0535409
0.0545947
0.055689
0.056787
0.0579346
0.0590551
0.0602063
0.0613492
0.0624932
0.0636128
0.064663
0.0655949
0.0663587
0.0211556
0.0184288
0.0129439
0.00830423
0.00641254
0.00676997
0.00785744
0.00871984
0.00920064
0.0095511
0.00998711
0.0104331
0.0107202
0.0109194
0.0111848
0.0115163
0.0118451
0.012123
0.0123769
0.0127191
0.0131508
0.0135201
0.0137541
0.0139601
0.0142811
0.0147012
0.0150694
0.0153551
0.0156891
0.0161006
0.0164729
0.0167852
0.017129
0.0175412
0.0179915
0.0184653
0.0189621
0.0194492
0.019915
0.0203807
0.0208272
0.0212393
0.0216393
0.0220406
0.0224632
0.0229426
0.0234561
0.0239579
0.024459
0.0250033
0.0255634
0.0260911
0.0266164
0.0271988
0.027778
0.0283092
0.028855
0.029429
0.0300072
0.0306025
0.0312391
0.0319055
0.0326003
0.0332905
0.0339723
0.0346121
0.0352606
0.035968
0.0367169
0.0374512
0.0382065
0.0389823
0.0397498
0.0405229
0.041318
0.04215
0.0429882
0.0438555
0.0447267
0.0456267
0.0465348
0.0474779
0.0484326
0.0494097
0.0504192
0.0514469
0.052494
0.053541
0.0545948
0.0556891
0.0567871
0.0579348
0.0590553
0.0602064
0.0613494
0.0624934
0.0636131
0.0646636
0.0655958
0.0663589
0.0205535
0.0181741
0.0131066
0.00866245
0.00670353
0.00689802
0.00790207
0.00875622
0.00924734
0.00959775
0.0100212
0.0104529
0.0107345
0.0109362
0.0112032
0.0115313
0.0118561
0.0121344
0.0123912
0.0127322
0.0131577
0.013523
0.0137597
0.0139704
0.0142912
0.0147075
0.0150741
0.0153613
0.0156959
0.0161061
0.0164774
0.0167897
0.0171331
0.0175443
0.017994
0.018467
0.018963
0.0194496
0.0199157
0.0203819
0.0208285
0.0212404
0.0216405
0.0220421
0.0224645
0.0229434
0.0234565
0.0239586
0.0244599
0.0250039
0.0255638
0.0260917
0.0266173
0.0271996
0.0277786
0.0283099
0.0288558
0.0294296
0.0300076
0.0306029
0.0312395
0.0319059
0.0326007
0.033291
0.0339729
0.0346126
0.0352609
0.0359684
0.0367174
0.0374516
0.0382069
0.0389827
0.0397501
0.0405232
0.0413182
0.0421503
0.0429884
0.0438557
0.0447269
0.0456269
0.046535
0.0474781
0.0484327
0.0494098
0.0504193
0.0514471
0.0524942
0.0535412
0.0545949
0.0556893
0.0567873
0.0579349
0.0590555
0.0602065
0.0613496
0.0624936
0.0636135
0.0646644
0.0655971
0.0663591
0.0199763
0.0179045
0.0132475
0.00901232
0.00700619
0.00704
0.0079503
0.00879186
0.00929522
0.00964732
0.0100579
0.010474
0.0107496
0.0109536
0.0112224
0.0115471
0.0118677
0.0121464
0.0124064
0.0127463
0.0131653
0.0135262
0.0137656
0.013981
0.0143017
0.0147141
0.0150792
0.0153681
0.0157033
0.0161118
0.0164822
0.0167949
0.017138
0.0175483
0.0179971
0.0184693
0.0189641
0.0194499
0.019916
0.0203827
0.0208296
0.0212415
0.0216419
0.022044
0.0224665
0.0229446
0.0234571
0.0239594
0.024461
0.0250046
0.0255641
0.0260923
0.0266182
0.0272004
0.0277793
0.0283108
0.0288567
0.0294304
0.0300083
0.0306035
0.03124
0.0319062
0.032601
0.0332915
0.0339735
0.0346132
0.0352614
0.0359688
0.0367178
0.0374521
0.0382074
0.0389832
0.0397505
0.0405237
0.0413186
0.0421506
0.0429887
0.043856
0.0447271
0.0456271
0.0465352
0.0474783
0.0484329
0.04941
0.0504195
0.0514472
0.0524944
0.0535413
0.0545951
0.0556894
0.0567874
0.0579351
0.0590556
0.0602067
0.0613499
0.0624939
0.063614
0.0646655
0.0655987
0.0663595
0.0194261
0.0176242
0.0133661
0.00935088
0.00731787
0.00719647
0.00800285
0.00882602
0.00934321
0.00969944
0.0100971
0.0104967
0.0107654
0.0109719
0.0112425
0.0115637
0.0118797
0.0121588
0.0124223
0.0127612
0.0131736
0.0135298
0.0137717
0.013992
0.0143127
0.014721
0.0150845
0.0153754
0.0157111
0.0161178
0.0164872
0.0168005
0.0171436
0.0175529
0.0180008
0.018472
0.0189654
0.0194502
0.0199162
0.0203831
0.0208302
0.0212424
0.0216434
0.0220463
0.0224689
0.0229462
0.023458
0.0239605
0.0244623
0.0250053
0.0255643
0.0260928
0.0266191
0.027201
0.0277798
0.0283117
0.0288578
0.0294313
0.0300091
0.0306043
0.0312406
0.0319065
0.0326012
0.033292
0.0339741
0.0346138
0.0352619
0.0359694
0.0367184
0.0374526
0.0382079
0.0389837
0.0397511
0.0405242
0.0413191
0.0421511
0.0429892
0.0438564
0.0447275
0.0456274
0.0465354
0.0474785
0.0484331
0.0494101
0.0504197
0.0514474
0.0524946
0.0535415
0.0545952
0.0556896
0.0567876
0.0579353
0.0590559
0.0602069
0.0613503
0.0624943
0.0636145
0.064667
0.0656008
0.06636
0.0189029
0.0173372
0.0134632
0.00967528
0.00763486
0.00736703
0.00806042
0.00885825
0.00939036
0.00975367
0.0101391
0.0105212
0.0107823
0.0109911
0.0112636
0.011581
0.0118921
0.0121715
0.0124386
0.0127768
0.0131825
0.0135337
0.013778
0.0140033
0.0143241
0.0147283
0.0150902
0.0153829
0.0157192
0.016124
0.0164923
0.0168061
0.0171494
0.0175579
0.0180049
0.0184751
0.0189671
0.0194506
0.0199162
0.0203831
0.0208304
0.021243
0.0216449
0.0220489
0.0224718
0.0229483
0.0234592
0.0239618
0.0244639
0.0250062
0.0255645
0.0260933
0.0266199
0.0272015
0.0277802
0.0283125
0.0288589
0.0294323
0.0300102
0.0306056
0.0312416
0.0319069
0.0326012
0.0332922
0.0339746
0.0346143
0.0352626
0.03597
0.036719
0.0374532
0.0382085
0.0389842
0.0397516
0.0405248
0.0413197
0.0421516
0.0429897
0.0438569
0.0447279
0.0456278
0.0465358
0.0474788
0.0484334
0.0494103
0.0504199
0.0514476
0.0524948
0.0535417
0.0545954
0.0556898
0.0567878
0.0579355
0.0590561
0.0602071
0.0613507
0.0624947
0.0636152
0.0646688
0.0656034
0.0663607
0.0184057
0.0170476
0.0135401
0.0099826
0.00795277
0.0075509
0.00812429
0.00888883
0.00943581
0.0098093
0.0101837
0.0105477
0.0108005
0.0110113
0.0112857
0.0115991
0.0119049
0.0121843
0.0124553
0.012793
0.0131919
0.013538
0.0137846
0.0140151
0.0143361
0.0147361
0.0150961
0.0153907
0.0157277
0.0161304
0.0164975
0.0168119
0.0171555
0.0175633
0.0180094
0.0184785
0.0189689
0.0194512
0.0199161
0.0203829
0.0208302
0.0212433
0.0216462
0.0220517
0.0224751
0.0229507
0.0234607
0.0239634
0.0244656
0.0250073
0.0255648
0.0260938
0.0266207
0.0272019
0.0277803
0.0283131
0.0288598
0.0294333
0.0300114
0.0306071
0.0312429
0.0319075
0.0326012
0.0332921
0.0339748
0.0346147
0.0352632
0.0359707
0.0367196
0.0374539
0.0382091
0.0389847
0.0397522
0.0405255
0.0413204
0.0421523
0.0429904
0.0438575
0.0447285
0.0456283
0.0465363
0.0474792
0.0484337
0.0494106
0.0504201
0.0514479
0.052495
0.0535419
0.0545956
0.0556899
0.056788
0.0579357
0.0590564
0.0602073
0.0613512
0.0624952
0.063616
0.0646711
0.0656066
0.0663616
0.0179335
0.0167589
0.0135981
0.0102697
0.00826762
0.00774776
0.00819658
0.0089185
0.00947857
0.00986521
0.0102306
0.0105763
0.0108201
0.0110327
0.011309
0.0116183
0.0119184
0.0121976
0.0124723
0.0128097
0.0132019
0.0135426
0.0137915
0.0140274
0.0143486
0.0147442
0.0151023
0.0153988
0.0157365
0.0161371
0.0165027
0.0168176
0.0171617
0.017569
0.0180143
0.0184822
0.018971
0.0194518
0.0199161
0.0203825
0.0208298
0.0212433
0.0216475
0.0220545
0.0224786
0.0229534
0.0234624
0.0239651
0.0244676
0.0250085
0.0255651
0.0260942
0.0266215
0.0272022
0.0277803
0.0283135
0.0288606
0.029434
0.0300125
0.0306088
0.0312447
0.0319086
0.0326012
0.0332918
0.0339747
0.0346148
0.0352637
0.0359715
0.0367204
0.0374546
0.0382098
0.0389852
0.0397528
0.0405263
0.0413212
0.0421531
0.0429911
0.0438583
0.0447291
0.045629
0.0465369
0.0474797
0.0484341
0.0494109
0.0504204
0.0514481
0.0524953
0.0535421
0.0545958
0.0556901
0.0567882
0.0579359
0.0590567
0.0602075
0.0613517
0.0624957
0.0636169
0.0646738
0.0656103
0.0663627
0.0174853
0.0164728
0.0136374
0.0105345
0.00857653
0.00795739
0.00827954
0.00894825
0.00951778
0.00992028
0.0102793
0.0106074
0.0108417
0.0110556
0.0113336
0.0116386
0.0119326
0.0122112
0.0124898
0.0128271
0.0132124
0.0135476
0.0137988
0.0140402
0.0143617
0.0147529
0.0151088
0.0154073
0.0157457
0.0161442
0.0165081
0.0168235
0.0171682
0.0175752
0.0180197
0.0184863
0.0189734
0.0194527
0.0199161
0.0203821
0.0208293
0.0212432
0.0216487
0.0220574
0.0224824
0.0229564
0.0234643
0.023967
0.0244697
0.0250098
0.0255656
0.0260948
0.0266224
0.0272024
0.0277801
0.0283138
0.0288612
0.0294346
0.0300135
0.0306106
0.0312468
0.0319099
0.0326013
0.0332912
0.0339741
0.0346145
0.0352641
0.0359723
0.0367212
0.0374555
0.0382105
0.0389856
0.0397533
0.0405269
0.041322
0.042154
0.042992
0.0438591
0.0447299
0.0456297
0.0465376
0.0474804
0.0484347
0.0494112
0.0504207
0.0514484
0.0524956
0.0535424
0.0545961
0.0556903
0.0567884
0.0579361
0.059057
0.0602078
0.0613523
0.0624964
0.0636179
0.0646769
0.0656145
0.066364
0.0170595
0.0161893
0.0136591
0.0107773
0.00887728
0.00817856
0.0083752
0.00897994
0.0095534
0.00997383
0.0103299
0.0106412
0.0108654
0.0110801
0.0113597
0.0116602
0.0119477
0.0122254
0.012508
0.0128452
0.0132237
0.0135531
0.0138064
0.0140534
0.0143754
0.0147619
0.0151156
0.0154161
0.0157554
0.0161515
0.0165137
0.0168297
0.0171753
0.0175821
0.0180256
0.0184908
0.0189759
0.0194537
0.0199162
0.0203816
0.0208287
0.0212432
0.0216499
0.0220604
0.0224863
0.0229596
0.0234664
0.0239691
0.024472
0.0250113
0.025566
0.0260954
0.0266233
0.0272026
0.0277798
0.028314
0.0288617
0.029435
0.0300144
0.0306123
0.0312488
0.0319115
0.0326015
0.0332905
0.0339732
0.034614
0.0352644
0.0359731
0.0367222
0.0374564
0.0382112
0.0389861
0.0397537
0.0405275
0.0413228
0.042155
0.042993
0.04386
0.0447308
0.0456306
0.0465385
0.0474812
0.0484354
0.0494117
0.050421
0.0514487
0.0524959
0.0535428
0.0545964
0.0556906
0.0567886
0.0579362
0.0590574
0.060208
0.061353
0.0624971
0.063619
0.0646804
0.0656193
0.0663656
0.0166544
0.015908
0.0136653
0.0109997
0.00916735
0.00840885
0.00848564
0.0090166
0.00958633
0.0100253
0.0103818
0.0106777
0.0108914
0.0111063
0.0113872
0.0116829
0.0119636
0.0122403
0.0125268
0.0128642
0.0132357
0.0135591
0.0138144
0.0140672
0.0143897
0.0147714
0.0151227
0.0154253
0.0157655
0.0161591
0.0165194
0.0168363
0.0171832
0.0175899
0.0180322
0.0184957
0.0189788
0.019455
0.0199165
0.0203812
0.0208282
0.0212432
0.0216512
0.0220635
0.0224904
0.022963
0.0234687
0.0239713
0.0244744
0.0250128
0.0255666
0.0260961
0.0266242
0.0272028
0.0277794
0.0283141
0.0288622
0.0294355
0.0300153
0.0306139
0.0312509
0.0319131
0.0326018
0.0332896
0.033972
0.0346131
0.0352645
0.0359739
0.0367232
0.0374574
0.0382121
0.0389866
0.039754
0.040528
0.0413236
0.042156
0.0429941
0.043861
0.0447318
0.0456316
0.0465394
0.0474821
0.0484362
0.0494124
0.0504214
0.0514489
0.0524962
0.0535431
0.0545968
0.0556909
0.0567888
0.0579363
0.0590577
0.0602083
0.0613537
0.0624979
0.0636203
0.0646843
0.0656245
0.0663673
0.0162698
0.01563
0.0136579
0.011203
0.00944444
0.00864543
0.00861282
0.00906167
0.00961782
0.0100742
0.0104342
0.0107167
0.0109199
0.0111343
0.0114159
0.0117065
0.0119802
0.0122557
0.0125465
0.0128842
0.0132485
0.0135657
0.0138229
0.0140815
0.0144046
0.0147814
0.01513
0.0154348
0.015776
0.016167
0.0165255
0.0168436
0.0171922
0.0175988
0.0180396
0.018501
0.0189819
0.0194564
0.0199169
0.020381
0.0208277
0.0212433
0.0216525
0.0220666
0.0224947
0.0229667
0.0234711
0.0239736
0.0244769
0.0250145
0.0255672
0.0260968
0.0266252
0.0272031
0.027779
0.0283142
0.0288628
0.0294361
0.0300162
0.0306155
0.0312529
0.0319148
0.032602
0.0332885
0.0339705
0.0346122
0.0352646
0.0359747
0.0367242
0.0374585
0.038213
0.0389871
0.0397544
0.0405285
0.0413244
0.042157
0.0429952
0.043862
0.0447327
0.0456326
0.0465405
0.0474832
0.0484372
0.0494131
0.0504219
0.0514492
0.0524965
0.0535435
0.0545973
0.0556912
0.0567891
0.0579364
0.0590581
0.0602085
0.0613545
0.0624989
0.0636217
0.0646884
0.0656302
0.0663692
0.0159065
0.0153566
0.0136376
0.0113885
0.00970717
0.00888525
0.00875768
0.00911817
0.0096493
0.0101198
0.0104863
0.0107581
0.0109512
0.0111645
0.0114461
0.0117311
0.0119974
0.0122718
0.012567
0.0129051
0.0132622
0.0135728
0.0138318
0.0140965
0.0144202
0.0147918
0.0151377
0.0154446
0.0157869
0.0161751
0.0165318
0.0168516
0.0172022
0.0176087
0.0180476
0.0185068
0.0189854
0.0194581
0.0199175
0.0203808
0.0208274
0.0212435
0.021654
0.02207
0.0224993
0.0229706
0.0234737
0.023976
0.0244796
0.0250162
0.0255678
0.0260976
0.0266264
0.0272034
0.0277786
0.0283142
0.0288635
0.0294368
0.0300174
0.0306172
0.0312549
0.0319164
0.0326022
0.0332873
0.033969
0.0346114
0.0352649
0.0359756
0.0367252
0.0374595
0.0382139
0.0389876
0.0397547
0.040529
0.0413252
0.0421581
0.0429964
0.0438631
0.0447338
0.0456337
0.0465416
0.0474842
0.0484382
0.049414
0.0504225
0.0514495
0.0524968
0.0535439
0.0545978
0.0556917
0.0567894
0.0579365
0.0590584
0.0602088
0.0613553
0.0624999
0.0636232
0.0646929
0.0656362
0.0663713
0.0155645
0.0150893
0.0136048
0.0115579
0.00995502
0.00912447
0.0089193
0.00918855
0.00968278
0.010162
0.010537
0.0108012
0.0109852
0.0111971
0.0114779
0.0117566
0.0120152
0.0122885
0.0125884
0.0129272
0.0132769
0.0135804
0.0138412
0.0141121
0.0144366
0.0148028
0.0151458
0.0154548
0.0157981
0.0161835
0.0165385
0.0168603
0.0172133
0.0176196
0.0180563
0.018513
0.0189891
0.0194599
0.0199182
0.0203808
0.0208272
0.0212438
0.0216555
0.0220734
0.0225041
0.0229749
0.0234764
0.0239786
0.0244824
0.025018
0.0255684
0.0260984
0.0266276
0.0272037
0.0277781
0.0283143
0.0288643
0.0294378
0.0300188
0.0306191
0.031257
0.0319179
0.0326025
0.0332862
0.0339675
0.0346109
0.0352656
0.0359766
0.0367261
0.0374605
0.0382147
0.0389881
0.0397551
0.0405296
0.0413261
0.0421591
0.0429975
0.0438642
0.0447348
0.0456348
0.0465428
0.0474853
0.0484393
0.049415
0.0504232
0.0514498
0.052497
0.0535442
0.0545984
0.0556922
0.0567897
0.0579366
0.0590588
0.060209
0.0613562
0.062501
0.0636248
0.0646976
0.0656426
0.0663736
0.0152424
0.0148287
0.0135601
0.0117136
0.0101881
0.00935884
0.00909508
0.00927481
0.00972086
0.010201
0.0105851
0.0108451
0.011022
0.0112323
0.0115117
0.0117832
0.0120336
0.0123058
0.0126107
0.0129504
0.0132925
0.0135887
0.0138511
0.0141284
0.0144537
0.0148144
0.0151541
0.0154654
0.0158098
0.0161923
0.0165456
0.0168696
0.0172251
0.0176311
0.0180655
0.0185195
0.0189931
0.0194619
0.0199191
0.0203809
0.0208271
0.0212442
0.0216571
0.022077
0.0225093
0.0229794
0.0234793
0.0239812
0.0244854
0.02502
0.0255691
0.0260993
0.0266289
0.0272042
0.0277776
0.0283145
0.0288653
0.0294391
0.0300206
0.0306213
0.0312591
0.0319195
0.0326028
0.0332851
0.033966
0.0346107
0.0352668
0.0359779
0.0367271
0.0374614
0.0382156
0.0389885
0.0397556
0.0405304
0.0413271
0.0421602
0.0429987
0.0438653
0.0447359
0.0456359
0.046544
0.0474865
0.0484405
0.0494161
0.050424
0.0514502
0.0524972
0.0535445
0.054599
0.0556928
0.0567902
0.0579367
0.0590592
0.0602093
0.0613571
0.0625023
0.0636266
0.0647026
0.0656493
0.0663762
0.0149393
0.0145751
0.0135026
0.0118573
0.0104078
0.00958469
0.00928145
0.00937851
0.00976644
0.0102376
0.0106297
0.0108889
0.0110612
0.0112706
0.0115477
0.0118111
0.0120526
0.0123237
0.0126339
0.0129746
0.0133091
0.0135977
0.0138615
0.0141454
0.0144717
0.0148265
0.0151628
0.0154764
0.015822
0.0162016
0.0165531
0.0168795
0.0172376
0.0176432
0.0180751
0.0185264
0.0189974
0.0194642
0.0199201
0.0203812
0.0208272
0.0212446
0.0216586
0.0220807
0.0225147
0.0229842
0.0234824
0.023984
0.0244885
0.025022
0.0255698
0.0261002
0.0266303
0.0272047
0.0277772
0.0283148
0.0288665
0.0294407
0.0300227
0.0306237
0.0312613
0.031921
0.0326033
0.0332841
0.0339648
0.034611
0.0352684
0.0359794
0.036728
0.0374623
0.0382164
0.038989
0.0397561
0.0405313
0.0413283
0.0421614
0.0429999
0.0438665
0.0447371
0.0456371
0.0465452
0.0474877
0.0484417
0.0494172
0.0504249
0.0514506
0.0524974
0.0535448
0.0545996
0.0556934
0.0567906
0.0579368
0.0590596
0.0602097
0.061358
0.0625036
0.0636286
0.0647078
0.0656563
0.0663789
0.0146561
0.0143305
0.0134303
0.0119889
0.0106165
0.00979964
0.00947413
0.00950052
0.00982241
0.0102734
0.0106701
0.0109312
0.0111023
0.0113118
0.0115863
0.0118406
0.0120724
0.0123422
0.012658
0.0130001
0.0133267
0.0136074
0.0138724
0.014163
0.0144904
0.0148393
0.0151719
0.0154878
0.0158347
0.0162113
0.016561
0.0168898
0.0172507
0.0176558
0.018085
0.0185336
0.0190019
0.0194665
0.0199213
0.0203816
0.0208274
0.0212451
0.0216602
0.0220846
0.0225203
0.0229892
0.0234856
0.0239869
0.0244917
0.0250242
0.0255706
0.0261011
0.0266318
0.0272053
0.0277769
0.0283151
0.0288679
0.0294426
0.030025
0.0306263
0.0312637
0.0319226
0.0326037
0.0332831
0.0339637
0.0346115
0.0352705
0.0359811
0.036729
0.0374632
0.0382172
0.0389894
0.0397566
0.0405324
0.0413297
0.0421627
0.0430011
0.0438677
0.0447382
0.0456383
0.0465465
0.047489
0.0484429
0.0494184
0.0504259
0.0514511
0.0524976
0.0535451
0.0546003
0.0556941
0.0567911
0.057937
0.05906
0.06021
0.0613591
0.0625051
0.0636307
0.0647131
0.0656636
0.0663819
0.014393
0.014101
0.0133413
0.0121054
0.0108174
0.010003
0.00966794
0.00964027
0.00989151
0.0103101
0.0107062
0.0109712
0.0111445
0.011356
0.0116276
0.0118719
0.0120933
0.0123613
0.012683
0.0130267
0.0133453
0.0136177
0.013884
0.0141814
0.0145099
0.0148526
0.0151815
0.0154997
0.015848
0.0162216
0.0165694
0.0169006
0.0172641
0.0176686
0.0180953
0.0185411
0.0190067
0.0194691
0.0199226
0.0203823
0.0208278
0.0212458
0.0216619
0.0220885
0.0225261
0.0229943
0.0234888
0.0239898
0.0244951
0.0250265
0.0255714
0.0261021
0.0266334
0.027206
0.0277766
0.0283155
0.0288695
0.0294447
0.0300276
0.0306291
0.0312661
0.0319243
0.0326043
0.0332822
0.0339627
0.0346123
0.0352728
0.0359831
0.03673
0.037464
0.038218
0.0389899
0.0397572
0.0405336
0.0413313
0.0421641
0.0430024
0.0438689
0.0447395
0.0456396
0.0465479
0.0474903
0.0484443
0.0494197
0.0504269
0.0514517
0.0524979
0.0535454
0.0546009
0.0556948
0.0567917
0.0579371
0.0590604
0.0602104
0.0613601
0.0625066
0.063633
0.0647187
0.0656713
0.0663852
0.0141448
0.0138947
0.013238
0.0122016
0.0110134
0.0101958
0.00985713
0.00979561
0.00997636
0.0103503
0.0107385
0.0110079
0.0111869
0.0114029
0.0116719
0.0119054
0.0121154
0.0123812
0.0127088
0.0130545
0.013365
0.0136287
0.0138963
0.0142007
0.0145302
0.0148665
0.0151914
0.0155122
0.015862
0.0162325
0.0165782
0.0169118
0.0172779
0.0176817
0.0181059
0.018549
0.0190118
0.0194719
0.0199241
0.0203832
0.0208284
0.0212465
0.0216636
0.0220925
0.0225321
0.0229996
0.0234922
0.0239929
0.0244987
0.025029
0.0255723
0.0261031
0.0266351
0.0272068
0.0277763
0.028316
0.0288712
0.0294469
0.0300304
0.0306321
0.0312687
0.031926
0.0326048
0.0332814
0.0339618
0.0346132
0.0352753
0.0359851
0.036731
0.0374649
0.0382189
0.0389903
0.0397578
0.040535
0.041333
0.0421655
0.0430037
0.0438702
0.0447408
0.0456409
0.0465493
0.0474917
0.0484456
0.049421
0.050428
0.0514523
0.0524981
0.0535458
0.0546017
0.0556955
0.0567923
0.0579373
0.0590609
0.0602109
0.0613612
0.0625083
0.0636354
0.0647245
0.0656794
0.0663887
0.0138999
0.0137168
0.013129
0.0122727
0.0112048
0.0103813
0.0100366
0.00996269
0.0100795
0.0103967
0.010768
0.0110408
0.0112283
0.0114518
0.0117191
0.011941
0.0121389
0.0124021
0.0127355
0.0130834
0.0133858
0.0136404
0.0139091
0.0142208
0.0145514
0.0148811
0.0152018
0.0155252
0.0158768
0.016244
0.0165875
0.0169233
0.017292
0.0176951
0.0181167
0.0185572
0.0190171
0.0194748
0.0199258
0.0203843
0.0208292
0.0212474
0.0216654
0.0220966
0.0225382
0.023005
0.0234956
0.023996
0.0245024
0.0250316
0.0255733
0.0261042
0.0266369
0.0272077
0.0277761
0.0283166
0.028873
0.0294493
0.0300333
0.0306352
0.0312713
0.0319278
0.0326055
0.0332807
0.0339609
0.0346142
0.0352779
0.0359873
0.036732
0.0374658
0.0382198
0.0389908
0.0397585
0.0405364
0.0413348
0.042167
0.0430051
0.0438716
0.0447422
0.0456423
0.0465508
0.0474931
0.0484471
0.0494224
0.0504291
0.0514529
0.0524984
0.0535461
0.0546024
0.0556963
0.056793
0.0579375
0.0590614
0.0602113
0.0613624
0.0625102
0.0636381
0.0647305
0.0656877
0.0663925
0.0136446
0.0135646
0.0130263
0.0123161
0.0113875
0.0105647
0.0102041
0.0101354
0.0102024
0.0104525
0.0107957
0.0110699
0.0112681
0.011502
0.0117691
0.0119789
0.0121639
0.0124242
0.0127634
0.0131133
0.0134076
0.0136528
0.0139224
0.0142417
0.0145737
0.0148963
0.0152126
0.0155387
0.0158922
0.0162562
0.0165972
0.0169353
0.0173064
0.0177088
0.0181279
0.0185657
0.0190228
0.019478
0.0199277
0.0203856
0.0208302
0.0212484
0.0216673
0.0221009
0.0225444
0.0230105
0.0234991
0.0239993
0.0245063
0.0250344
0.0255743
0.0261053
0.0266389
0.0272087
0.0277759
0.0283173
0.028875
0.0294518
0.0300363
0.0306384
0.031274
0.0319296
0.0326061
0.03328
0.0339602
0.0346153
0.0352805
0.0359894
0.0367331
0.0374667
0.0382207
0.0389913
0.0397592
0.0405379
0.0413367
0.0421686
0.0430065
0.043873
0.0447436
0.0456437
0.0465524
0.0474946
0.0484486
0.0494238
0.0504303
0.0514536
0.0524988
0.0535465
0.0546032
0.0556971
0.0567937
0.0579377
0.059062
0.0602119
0.0613636
0.0625122
0.0636409
0.0647367
0.0656965
0.0663967
0.0133709
0.0134273
0.0129408
0.0123343
0.0115537
0.0107514
0.010362
0.0103059
0.0103444
0.0105217
0.0108229
0.0110954
0.011306
0.0115524
0.0118214
0.0120194
0.0121906
0.0124477
0.0127926
0.0131445
0.0134305
0.0136661
0.0139362
0.0142634
0.0145971
0.0149123
0.0152238
0.0155528
0.0159085
0.0162691
0.0166075
0.0169476
0.0173212
0.0177228
0.0181393
0.0185746
0.0190287
0.0194814
0.0199299
0.0203872
0.0208315
0.0212496
0.0216693
0.0221052
0.0225509
0.0230161
0.0235027
0.0240026
0.0245103
0.0250374
0.0255754
0.0261064
0.0266409
0.0272097
0.0277758
0.0283181
0.028877
0.0294544
0.0300393
0.0306417
0.0312768
0.0319314
0.0326068
0.0332794
0.0339595
0.0346163
0.0352832
0.0359917
0.0367343
0.0374677
0.0382217
0.0389919
0.03976
0.0405395
0.0413387
0.0421702
0.0430079
0.0438745
0.0447451
0.0456452
0.046554
0.0474962
0.0484501
0.0494253
0.0504316
0.0514544
0.0524992
0.053547
0.054604
0.0556979
0.0567944
0.057938
0.0590626
0.0602125
0.061365
0.0625144
0.0636439
0.0647431
0.0657056
0.0664012
0.0130814
0.0132918
0.0128779
0.0123355
0.0116943
0.010942
0.0105162
0.0104671
0.0105012
0.0106086
0.0108518
0.011117
0.0113417
0.0116024
0.0118753
0.0120624
0.0122191
0.0124724
0.0128233
0.0131771
0.0134543
0.01368
0.0139507
0.0142859
0.0146215
0.0149293
0.0152355
0.0155674
0.0159255
0.0162827
0.0166183
0.0169604
0.0173364
0.0177371
0.0181511
0.0185838
0.019035
0.0194851
0.0199323
0.0203891
0.0208331
0.021251
0.0216713
0.0221096
0.0225575
0.023022
0.0235063
0.0240061
0.0245146
0.0250405
0.0255766
0.0261076
0.026643
0.0272109
0.0277757
0.0283189
0.0288791
0.0294571
0.0300424
0.0306451
0.0312797
0.0319333
0.0326074
0.0332788
0.0339589
0.0346174
0.0352858
0.0359939
0.0367354
0.0374688
0.0382228
0.0389925
0.0397608
0.0405411
0.0413407
0.0421719
0.0430095
0.0438761
0.0447467
0.0456468
0.0465556
0.0474979
0.0484517
0.0494269
0.0504328
0.0514551
0.0524996
0.0535474
0.0546049
0.0556988
0.0567952
0.0579383
0.0590632
0.0602132
0.0613663
0.0625167
0.0636471
0.0647497
0.0657151
0.0664061
0.0127847
0.0131479
0.0128358
0.012333
0.0118049
0.0111294
0.0106738
0.0106173
0.0106653
0.0107161
0.0108865
0.0111342
0.0113754
0.0116521
0.0119298
0.0121075
0.0122498
0.0124986
0.0128554
0.0132116
0.0134794
0.0136945
0.0139658
0.0143091
0.0146469
0.0149473
0.0152478
0.0155825
0.0159433
0.0162972
0.0166297
0.0169736
0.0173519
0.0177517
0.0181632
0.0185934
0.0190417
0.019489
0.0199349
0.0203913
0.020835
0.0212527
0.0216735
0.0221142
0.0225642
0.023028
0.0235101
0.0240096
0.024519
0.0250438
0.0255778
0.0261089
0.0266453
0.0272122
0.0277757
0.0283198
0.0288814
0.0294599
0.0300456
0.0306485
0.0312826
0.0319353
0.0326082
0.0332783
0.0339583
0.0346184
0.0352884
0.0359962
0.0367367
0.0374698
0.0382239
0.0389932
0.0397617
0.0405428
0.0413427
0.0421737
0.0430111
0.0438777
0.0447483
0.0456484
0.0465574
0.0474996
0.0484534
0.0494285
0.0504342
0.051456
0.0525
0.0535479
0.0546058
0.0556997
0.056796
0.0579386
0.0590639
0.0602139
0.0613678
0.0625192
0.0636505
0.0647566
0.0657249
0.0664114
0.012487
0.0129912
0.012807
0.0123392
0.0118893
0.011302
0.0108384
0.0107613
0.0108276
0.0108429
0.0109328
0.0111474
0.0114062
0.0117019
0.0119843
0.0121538
0.0122824
0.0125263
0.012889
0.013248
0.0135063
0.0137097
0.0139813
0.0143332
0.0146733
0.0149661
0.0152608
0.0155982
0.0159619
0.0163124
0.0166416
0.0169872
0.0173679
0.0177667
0.0181756
0.0186034
0.0190487
0.0194933
0.0199379
0.0203938
0.0208372
0.0212545
0.0216759
0.0221189
0.0225712
0.0230341
0.023514
0.0240133
0.0245237
0.0250473
0.0255792
0.0261102
0.0266477
0.0272137
0.0277758
0.0283207
0.0288837
0.0294627
0.0300488
0.030652
0.0312857
0.0319373
0.0326089
0.0332779
0.0339578
0.0346195
0.0352911
0.0359985
0.0367379
0.037471
0.038225
0.0389939
0.0397626
0.0405445
0.0413448
0.0421755
0.0430127
0.0438794
0.04475
0.0456501
0.0465592
0.0475014
0.0484551
0.0494301
0.0504355
0.0514568
0.0525005
0.0535484
0.0546067
0.0557006
0.0567969
0.057939
0.0590647
0.0602148
0.0613693
0.0625219
0.0636542
0.0647637
0.0657352
0.0664171
0.0121908
0.0128214
0.0127824
0.0123589
0.0119579
0.0114521
0.0110062
0.0109064
0.0109827
0.0109832
0.0109963
0.0111596
0.0114321
0.0117523
0.0120392
0.0122003
0.0123166
0.0125559
0.0129243
0.0132863
0.0135353
0.0137259
0.0139969
0.0143581
0.0147008
0.0149858
0.0152745
0.0156146
0.0159812
0.0163284
0.0166542
0.0170013
0.0173842
0.0177821
0.0181884
0.0186137
0.019056
0.0194979
0.0199412
0.0203967
0.0208397
0.0212566
0.0216783
0.0221237
0.0225784
0.0230405
0.023518
0.0240171
0.0245285
0.025051
0.0255806
0.0261115
0.0266502
0.0272153
0.0277759
0.0283217
0.0288862
0.0294656
0.0300521
0.0306555
0.0312887
0.0319394
0.0326097
0.0332776
0.0339575
0.0346206
0.0352937
0.0360009
0.0367392
0.0374722
0.0382263
0.0389946
0.0397636
0.0405463
0.041347
0.0421773
0.0430145
0.0438812
0.0447517
0.0456519
0.0465611
0.0475033
0.0484569
0.0494318
0.050437
0.0514577
0.0525011
0.053549
0.0546077
0.0557015
0.0567978
0.0579394
0.0590654
0.0602157
0.0613709
0.0625248
0.0636582
0.064771
0.0657459
0.0664232
0.0118993
0.0126389
0.0127546
0.0123875
0.0120216
0.0115803
0.0111669
0.0110572
0.0111334
0.0111283
0.011078
0.011177
0.0114518
0.0118023
0.0120959
0.0122464
0.0123514
0.0125871
0.0129614
0.0133263
0.0135661
0.0137437
0.0140128
0.0143834
0.0147297
0.0150064
0.0152886
0.0156318
0.0160015
0.0163452
0.0166673
0.0170159
0.0174011
0.0177978
0.0182016
0.0186245
0.0190638
0.0195028
0.0199449
0.0203999
0.0208425
0.0212589
0.0216809
0.0221287
0.0225857
0.023047
0.023522
0.024021
0.0245336
0.0250549
0.0255821
0.0261129
0.0266529
0.027217
0.0277761
0.0283228
0.0288888
0.0294686
0.0300554
0.0306591
0.0312919
0.0319415
0.0326105
0.0332773
0.0339572
0.0346217
0.0352963
0.0360033
0.0367406
0.0374734
0.0382275
0.0389954
0.0397647
0.0405482
0.0413492
0.0421792
0.0430163
0.0438831
0.0447535
0.0456537
0.046563
0.0475052
0.0484588
0.0494336
0.0504384
0.0514587
0.0525016
0.0535496
0.0546087
0.0557025
0.0567988
0.0579399
0.0590663
0.0602168
0.0613725
0.0625279
0.0636624
0.0647786
0.065757
0.0664298
0.0116188
0.0124441
0.0127195
0.0124182
0.0120856
0.0116952
0.0113122
0.0112102
0.0112869
0.0112723
0.0111734
0.0112057
0.011467
0.0118492
0.0121553
0.0122928
0.0123855
0.0126194
0.0130006
0.0133687
0.0135989
0.0137632
0.0140296
0.0144089
0.0147597
0.0150281
0.0153032
0.0156497
0.016023
0.0163629
0.016681
0.0170309
0.0174183
0.017814
0.0182151
0.0186356
0.0190719
0.0195081
0.0199489
0.0204036
0.0208458
0.0212615
0.0216837
0.0221338
0.0225933
0.0230537
0.0235262
0.024025
0.0245389
0.0250591
0.0255837
0.0261144
0.0266557
0.0272189
0.0277764
0.0283241
0.0288915
0.0294716
0.0300587
0.0306627
0.0312952
0.0319437
0.0326114
0.0332772
0.0339571
0.0346228
0.0352989
0.0360057
0.036742
0.0374748
0.0382289
0.0389963
0.0397658
0.0405501
0.0413515
0.0421812
0.0430182
0.043885
0.0447554
0.0456556
0.046565
0.0475072
0.0484607
0.0494354
0.05044
0.0514597
0.0525023
0.0535502
0.0546098
0.0557035
0.0567998
0.0579404
0.0590671
0.0602179
0.0613743
0.0625313
0.0636669
0.0647864
0.0657684
0.0664368
0.0113576
0.0122386
0.0126752
0.0124475
0.0121466
0.0118064
0.0114428
0.0113545
0.0114469
0.0114179
0.0112753
0.0112478
0.011483
0.0118908
0.0122168
0.0123413
0.0124183
0.0126515
0.0130415
0.0134138
0.0136338
0.013784
0.0140477
0.014435
0.0147904
0.0150512
0.0153184
0.015668
0.0160456
0.0163817
0.0166951
0.0170463
0.0174361
0.0178306
0.018229
0.0186472
0.0190804
0.0195137
0.0199534
0.0204076
0.0208495
0.0212645
0.0216866
0.022139
0.0226011
0.0230607
0.0235305
0.024029
0.0245443
0.0250635
0.0255854
0.0261159
0.0266586
0.027221
0.0277767
0.0283253
0.0288943
0.0294747
0.0300621
0.0306664
0.0312985
0.0319459
0.0326123
0.0332772
0.033957
0.0346239
0.0353015
0.0360081
0.0367435
0.0374762
0.0382303
0.0389973
0.039767
0.0405521
0.0413538
0.0421832
0.0430202
0.043887
0.0447574
0.0456576
0.0465671
0.0475094
0.0484627
0.0494372
0.0504415
0.0514608
0.052503
0.0535509
0.0546109
0.0557046
0.0568008
0.0579409
0.0590681
0.0602192
0.0613761
0.0625348
0.0636717
0.0647944
0.0657803
0.0664444
0.011123
0.0120281
0.0126187
0.0124746
0.0121979
0.011918
0.0115689
0.0114807
0.0116075
0.0115735
0.0113794
0.0112989
0.0115057
0.011928
0.0122778
0.0123932
0.0124504
0.012682
0.0130831
0.0134617
0.0136717
0.013806
0.0140668
0.0144624
0.0148217
0.0150753
0.0153343
0.0156866
0.0160694
0.0164018
0.0167098
0.017062
0.0174544
0.0178477
0.0182434
0.0186591
0.0190894
0.0195198
0.0199581
0.0204122
0.0208536
0.0212677
0.0216897
0.0221444
0.0226091
0.023068
0.0235349
0.0240332
0.02455
0.0250682
0.0255873
0.0261175
0.0266617
0.0272232
0.0277772
0.0283267
0.0288973
0.0294779
0.0300655
0.0306701
0.0313019
0.0319483
0.0326133
0.0332772
0.0339571
0.0346251
0.0353041
0.0360106
0.036745
0.0374776
0.0382319
0.0389983
0.0397682
0.0405542
0.0413562
0.0421853
0.0430222
0.0438891
0.0447595
0.0456596
0.0465693
0.0475116
0.0484648
0.0494392
0.0504432
0.0514619
0.0525037
0.0535517
0.054612
0.0557057
0.0568019
0.0579416
0.059069
0.0602207
0.061378
0.0625386
0.0636768
0.0648026
0.0657926
0.0664525
0.010919
0.0118225
0.0125473
0.0124989
0.0122353
0.0120239
0.0117033
0.0115895
0.0117545
0.0117432
0.0114911
0.0113522
0.0115359
0.0119656
0.0123364
0.0124479
0.0124834
0.0127106
0.0131246
0.0135119
0.0137131
0.0138297
0.0140863
0.0144914
0.0148545
0.0150998
0.015351
0.0157057
0.0160939
0.0164233
0.0167253
0.017078
0.0174731
0.0178654
0.0182582
0.0186715
0.0190989
0.0195263
0.0199634
0.0204171
0.0208582
0.0212714
0.021693
0.0221499
0.0226174
0.0230755
0.0235395
0.0240374
0.024556
0.0250731
0.0255893
0.0261191
0.0266651
0.0272257
0.0277778
0.0283282
0.0289004
0.0294812
0.030069
0.0306738
0.0313054
0.0319507
0.0326143
0.0332775
0.0339573
0.0346263
0.0353067
0.0360131
0.0367466
0.0374791
0.0382334
0.0389993
0.0397695
0.0405563
0.0413586
0.0421875
0.0430243
0.0438913
0.0447616
0.0456617
0.0465715
0.0475138
0.0484669
0.0494412
0.0504448
0.0514632
0.0525045
0.0535524
0.0546132
0.0557069
0.0568031
0.0579423
0.0590701
0.0602223
0.0613801
0.0625426
0.0636823
0.064811
0.0658053
0.0664612
0.0107427
0.0116345
0.012463
0.0125195
0.0122593
0.0121121
0.0118528
0.0116955
0.0118739
0.0119194
0.0116221
0.0114048
0.0115678
0.0120082
0.0123941
0.0125038
0.012518
0.0127376
0.013165
0.0135636
0.013758
0.0138561
0.0141057
0.0145215
0.0148897
0.015125
0.0153677
0.0157256
0.0161193
0.0164461
0.0167418
0.0170941
0.0174921
0.0178836
0.0182735
0.0186844
0.0191088
0.0195333
0.0199691
0.0204225
0.0208633
0.0212756
0.0216965
0.0221555
0.0226258
0.0230832
0.0235442
0.0240417
0.0245621
0.0250784
0.0255914
0.0261208
0.0266685
0.0272284
0.0277784
0.0283298
0.0289037
0.0294847
0.0300724
0.0306776
0.031309
0.0319532
0.0326154
0.0332778
0.0339577
0.0346275
0.0353093
0.0360157
0.0367482
0.0374807
0.0382351
0.0390005
0.039771
0.0405585
0.0413611
0.0421897
0.0430266
0.0438936
0.0447638
0.045664
0.0465739
0.0475162
0.0484691
0.0494433
0.0504466
0.0514644
0.0525053
0.0535533
0.0546144
0.0557081
0.0568043
0.0579431
0.0590711
0.060224
0.0613822
0.0625468
0.0636881
0.0648197
0.0658184
0.0664704
0.0105826
0.0114736
0.0123735
0.0125364
0.012275
0.0121718
0.0120113
0.0118177
0.0119625
0.0120832
0.0117798
0.0114658
0.0115937
0.0120544
0.0124556
0.0125604
0.0125533
0.0127632
0.0132043
0.0136162
0.0138056
0.0138858
0.0141257
0.0145515
0.0149278
0.015152
0.0153838
0.0157458
0.016146
0.01647
0.0167594
0.0171107
0.0175114
0.0179025
0.0182893
0.0186977
0.0191192
0.0195407
0.0199752
0.0204284
0.0208688
0.0212801
0.0217004
0.0221612
0.0226344
0.0230912
0.0235492
0.0240461
0.0245684
0.0250839
0.0255937
0.0261225
0.0266722
0.0272313
0.0277792
0.0283315
0.0289071
0.0294882
0.030076
0.0306815
0.0313126
0.0319557
0.0326166
0.0332783
0.0339582
0.0346288
0.0353119
0.0360182
0.0367499
0.0374824
0.0382368
0.0390017
0.0397724
0.0405608
0.0413637
0.042192
0.0430289
0.043896
0.044766
0.0456663
0.0465763
0.0475187
0.0484714
0.0494454
0.0504484
0.0514658
0.0525063
0.0535542
0.0546157
0.0557093
0.0568056
0.057944
0.0590723
0.0602259
0.0613845
0.0625513
0.0636944
0.0648286
0.0658319
0.0664803
0.0104221
0.0113405
0.0122901
0.012551
0.0122897
0.0121979
0.0121608
0.0119707
0.0120354
0.0122137
0.0119578
0.011551
0.0116111
0.0120963
0.0125241
0.0126213
0.0125887
0.0127861
0.0132423
0.0136703
0.0138552
0.0139183
0.0141474
0.0145811
0.014968
0.0151823
0.0153994
0.0157652
0.0161742
0.0164953
0.0167778
0.017128
0.0175309
0.0179218
0.0183056
0.0187114
0.0191301
0.0195487
0.0199819
0.0204348
0.0208749
0.0212852
0.0217045
0.0221671
0.0226432
0.0230995
0.0235543
0.0240507
0.0245749
0.0250897
0.0255962
0.0261244
0.0266761
0.0272344
0.0277802
0.0283333
0.0289107
0.0294918
0.0300795
0.0306853
0.0313164
0.0319584
0.0326179
0.033279
0.0339589
0.0346301
0.0353145
0.0360209
0.0367517
0.0374841
0.0382387
0.039003
0.039774
0.0405632
0.0413663
0.0421944
0.0430313
0.0438985
0.0447684
0.0456686
0.0465788
0.0475212
0.0484738
0.0494476
0.0504502
0.0514672
0.0525072
0.0535551
0.0546171
0.0557107
0.0568069
0.0579449
0.0590735
0.060228
0.061387
0.062556
0.0637011
0.0648378
0.0658457
0.0664908
0.0102462
0.0112239
0.0122221
0.0125674
0.0123117
0.0121932
0.0122797
0.0121557
0.0121178
0.0122994
0.0121346
0.0116728
0.0116308
0.0121243
0.0125959
0.0126917
0.0126266
0.0128044
0.0132771
0.0137272
0.0139075
0.0139519
0.014171
0.0146111
0.015009
0.0152164
0.0154161
0.0157828
0.0162034
0.0165228
0.0167968
0.0171457
0.017551
0.0179414
0.0183226
0.0187256
0.0191415
0.0195573
0.0199891
0.0204417
0.0208814
0.0212906
0.021709
0.0221731
0.0226523
0.0231081
0.0235595
0.0240553
0.0245817
0.0250959
0.0255988
0.0261263
0.0266802
0.0272379
0.0277813
0.0283352
0.0289144
0.0294955
0.0300831
0.0306892
0.0313203
0.0319611
0.0326192
0.0332798
0.0339597
0.0346314
0.035317
0.0360235
0.0367535
0.0374859
0.0382406
0.0390044
0.0397757
0.0405656
0.041369
0.0421969
0.0430338
0.0439011
0.0447708
0.0456711
0.0465814
0.0475239
0.0484762
0.0494499
0.0504522
0.0514686
0.0525083
0.0535562
0.0546185
0.055712
0.0568083
0.0579461
0.0590747
0.0602303
0.0613896
0.0625609
0.0637082
0.0648472
0.0658599
0.0665019
0.0100475
0.011105
0.0121729
0.0125917
0.0123495
0.0121703
0.0123491
0.0123553
0.0122352
0.0123506
0.0122837
0.0118291
0.0116713
0.0121361
0.0126606
0.0127733
0.0126732
0.0128183
0.0133044
0.0137867
0.0139653
0.0139856
0.0141947
0.0146431
0.015051
0.0152531
0.0154354
0.0157989
0.0162321
0.016553
0.016817
0.0171635
0.0175718
0.0179615
0.0183399
0.0187405
0.0191533
0.0195664
0.0199969
0.0204491
0.0208885
0.0212966
0.0217138
0.0221794
0.0226615
0.0231171
0.0235649
0.0240599
0.0245888
0.0251025
0.0256016
0.0261282
0.0266844
0.0272416
0.0277825
0.0283372
0.0289182
0.0294994
0.0300866
0.0306932
0.0313242
0.031964
0.0326207
0.0332808
0.0339607
0.0346328
0.0353196
0.0360262
0.0367554
0.0374878
0.0382426
0.0390059
0.0397775
0.0405682
0.0413718
0.0421994
0.0430364
0.0439038
0.0447734
0.0456737
0.0465841
0.0475266
0.0484787
0.0494523
0.0504542
0.0514702
0.0525095
0.0535572
0.05462
0.0557135
0.0568098
0.0579473
0.0590761
0.0602328
0.0613925
0.062566
0.0637158
0.0648568
0.0658743
0.0665137
0.00983207
0.0109618
0.0121345
0.0126298
0.0124105
0.0121488
0.0123605
0.01254
0.012402
0.0123947
0.0123849
0.0119988
0.0117491
0.0121432
0.0127078
0.0128593
0.0127353
0.0128336
0.0133195
0.0138446
0.0140325
0.0140211
0.0142152
0.0146769
0.015096
0.0152914
0.0154573
0.0158151
0.0162591
0.0165848
0.0168394
0.017181
0.0175929
0.0179826
0.0183575
0.0187558
0.0191659
0.0195761
0.0200054
0.0204571
0.0208961
0.0213031
0.0217189
0.0221858
0.0226711
0.0231264
0.0235706
0.0240645
0.024596
0.0251096
0.0256046
0.0261301
0.0266889
0.0272456
0.0277839
0.0283393
0.0289223
0.0295034
0.0300902
0.0306972
0.0313283
0.0319669
0.0326222
0.0332819
0.0339619
0.0346343
0.0353223
0.036029
0.0367574
0.0374898
0.0382446
0.0390074
0.0397793
0.0405708
0.0413747
0.042202
0.0430391
0.0439065
0.044776
0.0456764
0.0465869
0.0475295
0.0484813
0.0494547
0.0504562
0.0514718
0.0525107
0.0535584
0.0546215
0.055715
0.0568113
0.0579487
0.0590775
0.0602355
0.0613955
0.0625713
0.0637238
0.0648668
0.0658891
0.0665261
0.00961989
0.0107792
0.0120887
0.0126837
0.0124987
0.0121499
0.0123221
0.0126779
0.0126113
0.0124636
0.0124389
0.012153
0.0118656
0.012165
0.0127365
0.0129377
0.0128127
0.0128602
0.0133228
0.0138924
0.0141102
0.0140639
0.0142296
0.014709
0.0151465
0.0153323
0.01548
0.0158326
0.0162853
0.016617
0.0168642
0.0171991
0.0176139
0.0180048
0.0183756
0.0187713
0.0191791
0.0195863
0.0200144
0.0204659
0.0209044
0.0213102
0.0217243
0.0221923
0.022681
0.0231362
0.0235765
0.024069
0.0246034
0.0251171
0.0256079
0.026132
0.0266936
0.02725
0.0277856
0.0283416
0.0289264
0.0295075
0.0300939
0.0307012
0.0313326
0.0319699
0.0326238
0.0332833
0.0339632
0.0346359
0.0353249
0.0360318
0.0367595
0.0374919
0.0382468
0.0390091
0.0397813
0.0405735
0.0413776
0.0422048
0.0430419
0.0439094
0.0447787
0.0456791
0.0465898
0.0475324
0.048484
0.0494572
0.0504584
0.0514735
0.052512
0.0535596
0.0546231
0.0557166
0.0568128
0.0579502
0.059079
0.0602383
0.0613988
0.0625768
0.0637324
0.064877
0.0659041
0.0665393
0.00943587
0.0105604
0.0120115
0.0127461
0.0126132
0.0121901
0.012259
0.0127439
0.0128343
0.0125854
0.0124692
0.0122659
0.012002
0.0122185
0.0127598
0.0129982
0.0128948
0.012907
0.0133235
0.0139214
0.014193
0.0141219
0.0142392
0.0147334
0.0152029
0.0153794
0.0155021
0.0158504
0.0163127
0.0166487
0.0168903
0.0172186
0.0176347
0.0180278
0.0183949
0.0187868
0.0191928
0.0195974
0.0200239
0.0204751
0.0209133
0.0213179
0.0217301
0.0221988
0.022691
0.0231465
0.0235826
0.0240736
0.0246109
0.0251251
0.0256116
0.0261339
0.0266983
0.0272547
0.0277875
0.0283439
0.0289308
0.0295119
0.0300975
0.0307052
0.0313369
0.0319731
0.0326255
0.0332848
0.0339648
0.0346375
0.0353276
0.0360347
0.0367616
0.0374941
0.0382491
0.0390109
0.0397834
0.0405763
0.0413806
0.0422076
0.0430448
0.0439124
0.0447815
0.045682
0.0465927
0.0475354
0.0484867
0.0494598
0.0504606
0.0514753
0.0525134
0.053561
0.0546248
0.0557184
0.0568145
0.0579518
0.0590806
0.0602414
0.0614024
0.0625825
0.0637414
0.0648876
0.0659193
0.066553
0.00929816
0.0103281
0.0118846
0.0128007
0.0127507
0.0122765
0.0122021
0.0127321
0.0130331
0.0127688
0.012509
0.0123305
0.012131
0.0123046
0.0127971
0.0130427
0.0129666
0.012972
0.0133363
0.0139303
0.0142679
0.0141998
0.0142522
0.0147437
0.0152611
0.0154374
0.0155248
0.0158654
0.0163421
0.0166818
0.0169161
0.0172394
0.017656
0.018051
0.0184153
0.0188026
0.0192066
0.0196095
0.0200342
0.0204849
0.0209228
0.0213263
0.0217364
0.0222054
0.0227011
0.0231574
0.0235893
0.024078
0.0246184
0.0251335
0.0256156
0.026136
0.0267032
0.0272598
0.0277896
0.0283463
0.0289354
0.0295164
0.0301011
0.0307092
0.0313414
0.0319764
0.0326274
0.0332865
0.0339665
0.0346392
0.0353303
0.0360376
0.0367638
0.0374963
0.0382515
0.0390128
0.0397856
0.0405792
0.0413836
0.0422105
0.0430478
0.0439155
0.0447844
0.045685
0.0465958
0.0475385
0.0484895
0.0494625
0.0504629
0.0514772
0.0525149
0.0535624
0.0546265
0.0557202
0.0568162
0.0579537
0.0590823
0.0602447
0.0614064
0.0625884
0.0637509
0.0648985
0.0659347
0.0665675
0.0092139
0.0101102
0.0117069
0.0128238
0.0129029
0.0124086
0.0121796
0.012661
0.0131694
0.0129952
0.0125924
0.0123639
0.0122269
0.012405
0.0128635
0.0130882
0.0130173
0.0130397
0.0133734
0.0139318
0.0143211
0.0142921
0.0142809
0.014739
0.0153118
0.0155091
0.0155532
0.0158747
0.0163718
0.0167189
0.0169415
0.0172594
0.0176789
0.0180749
0.0184365
0.0188193
0.0192202
0.0196221
0.0200456
0.0204952
0.0209329
0.0213354
0.0217432
0.022212
0.0227113
0.0231689
0.0235965
0.0240825
0.024626
0.0251424
0.02562
0.0261382
0.0267084
0.0272651
0.027792
0.0283489
0.0289401
0.0295211
0.0301048
0.0307132
0.031346
0.0319798
0.0326294
0.0332884
0.0339684
0.034641
0.0353331
0.0360406
0.0367661
0.0374986
0.0382539
0.0390148
0.0397879
0.0405822
0.0413868
0.0422135
0.0430509
0.0439188
0.0447874
0.0456881
0.046599
0.0475418
0.0484924
0.0494652
0.0504653
0.0514791
0.0525165
0.0535639
0.0546283
0.0557221
0.0568179
0.0579557
0.0590842
0.0602481
0.0614107
0.0625945
0.0637609
0.0649098
0.0659503
0.0665825
0.00918089
0.00992991
0.0114965
0.0127927
0.0130527
0.0125811
0.0122106
0.0125651
0.0132195
0.0132267
0.0127401
0.0123958
0.0122808
0.012494
0.0129558
0.0131563
0.0130523
0.0130899
0.0134322
0.0139462
0.0143484
0.0143818
0.0143349
0.0147286
0.0153445
0.0155911
0.0155949
0.0158786
0.016397
0.0167617
0.0169692
0.0172768
0.0177023
0.0181008
0.0184583
0.0188367
0.0192341
0.0196347
0.0200581
0.0205064
0.0209435
0.0213454
0.0217506
0.0222188
0.0227215
0.0231807
0.0236043
0.0240872
0.0246336
0.0251517
0.0256247
0.0261404
0.0267137
0.0272709
0.0277946
0.0283515
0.0289449
0.029526
0.0301086
0.0307173
0.0313507
0.0319834
0.0326315
0.0332905
0.0339704
0.0346428
0.035336
0.0360437
0.0367685
0.037501
0.0382565
0.0390169
0.0397904
0.0405853
0.04139
0.0422166
0.0430542
0.0439221
0.0447905
0.0456914
0.0466024
0.0475451
0.0484954
0.0494681
0.0504678
0.0514812
0.0525182
0.0535656
0.0546301
0.0557241
0.0568198
0.0579579
0.0590862
0.0602517
0.0614153
0.0626007
0.0637713
0.0649216
0.0659661
0.0665982
0.00919253
0.00980006
0.01128
0.0126994
0.0131743
0.0127817
0.012303
0.012481
0.0131874
0.0134213
0.0129468
0.0124596
0.0123048
0.0125487
0.0130526
0.0132612
0.0130951
0.0131087
0.0134913
0.0139904
0.0143651
0.0144504
0.0144108
0.0147286
0.0153539
0.0156724
0.0156561
0.0158822
0.016413
0.0168082
0.017003
0.0172916
0.0177234
0.0181295
0.0184817
0.0188542
0.0192485
0.0196472
0.0200711
0.0205189
0.0209546
0.0213559
0.0217587
0.0222256
0.0227318
0.0231929
0.0236125
0.024092
0.0246412
0.0251614
0.0256299
0.0261426
0.0267192
0.0272772
0.0277975
0.0283542
0.02895
0.0295311
0.0301123
0.0307214
0.0313556
0.031987
0.0326338
0.0332929
0.0339726
0.0346448
0.0353389
0.0360469
0.036771
0.0375035
0.0382591
0.0390192
0.039793
0.0405885
0.0413933
0.0422199
0.0430575
0.0439255
0.0447937
0.0456947
0.0466058
0.0475485
0.0484985
0.049471
0.0504703
0.0514833
0.05252
0.0535673
0.054632
0.0557263
0.0568217
0.0579602
0.0590885
0.0602554
0.0614204
0.0626072
0.0637821
0.0649338
0.065982
0.0666144
0.00923995
0.00972346
0.0110827
0.0125577
0.013244
0.0129887
0.0124533
0.0124393
0.0131
0.0135442
0.0131826
0.0125804
0.0123238
0.0125618
0.013127
0.0133962
0.0131724
0.0131042
0.0135235
0.014062
0.0143967
0.0144905
0.0144888
0.0147535
0.0153487
0.0157387
0.0157362
0.0158948
0.0164177
0.0168536
0.0170452
0.0173066
0.0177399
0.0181595
0.0185085
0.018872
0.0192629
0.01966
0.0200843
0.0205325
0.0209667
0.021367
0.0217674
0.0222326
0.0227421
0.0232057
0.0236212
0.024097
0.024649
0.0251715
0.0256355
0.0261448
0.0267247
0.0272841
0.0278009
0.0283569
0.0289551
0.0295365
0.0301162
0.0307255
0.0313606
0.0319908
0.0326362
0.0332954
0.0339751
0.0346469
0.0353418
0.0360502
0.0367736
0.037506
0.0382618
0.0390216
0.0397957
0.0405917
0.0413967
0.0422232
0.043061
0.0439291
0.0447969
0.0456982
0.0466094
0.047552
0.0485016
0.049474
0.050473
0.0514856
0.0525219
0.0535692
0.054634
0.0557286
0.0568237
0.0579627
0.059091
0.0602593
0.0614259
0.0626139
0.0637933
0.0649464
0.065998
0.0666311
0.00931095
0.00969579
0.0109209
0.0123921
0.0132534
0.0131756
0.0126475
0.0124583
0.0129929
0.0135833
0.0134092
0.0127624
0.012367
0.0125453
0.0131569
0.0135352
0.0133023
0.0131054
0.0135098
0.0141344
0.0144657
0.0145192
0.014546
0.0148016
0.0153479
0.015781
0.0158239
0.0159258
0.0164145
0.0168916
0.0170957
0.0173258
0.0177512
0.018188
0.0185397
0.0188917
0.0192766
0.0196731
0.0200977
0.0205469
0.0209802
0.0213788
0.0217766
0.0222398
0.0227523
0.0232191
0.0236304
0.0241019
0.0246569
0.0251822
0.0256416
0.0261469
0.0267301
0.0272914
0.0278049
0.0283596
0.0289603
0.0295422
0.0301202
0.0307296
0.0313658
0.0319948
0.0326387
0.0332981
0.0339778
0.0346491
0.0353449
0.0360535
0.0367763
0.0375087
0.0382647
0.0390242
0.0397985
0.0405951
0.0414002
0.0422267
0.0430646
0.0439327
0.0448004
0.0457018
0.046613
0.0475556
0.0485049
0.0494772
0.0504758
0.0514879
0.0525239
0.0535712
0.054636
0.055731
0.0568259
0.0579653
0.0590938
0.0602633
0.0614319
0.0626209
0.0638048
0.0649596
0.0660141
0.0666483
0.00939163
0.00970946
0.0108004
0.0122241
0.0132121
0.0133209
0.0128618
0.0125425
0.0129015
0.0135509
0.0135893
0.012986
0.0124591
0.0125223
0.0131364
0.013647
0.0134781
0.0131461
0.0134568
0.0141733
0.0145714
0.0145673
0.0145719
0.0148509
0.0153688
0.0158066
0.0159031
0.0159779
0.0164128
0.0169177
0.0171509
0.0173526
0.0177591
0.0182122
0.0185737
0.0189153
0.01929
0.0196855
0.0201116
0.0205615
0.0209949
0.0213919
0.0217862
0.022247
0.0227626
0.0232331
0.0236405
0.0241066
0.0246646
0.0251937
0.0256484
0.026149
0.0267355
0.0272992
0.0278094
0.0283624
0.0289654
0.029548
0.0301243
0.0307338
0.0313711
0.0319989
0.0326414
0.033301
0.0339806
0.0346515
0.035348
0.0360569
0.0367791
0.0375115
0.0382676
0.0390269
0.0398015
0.0405985
0.0414038
0.0422303
0.0430682
0.0439365
0.0448039
0.0457056
0.0466168
0.0475593
0.0485081
0.0494804
0.0504786
0.0514904
0.052526
0.0535734
0.0546382
0.0557336
0.0568282
0.0579681
0.0590968
0.0602675
0.0614382
0.0626282
0.0638165
0.0649733
0.0660304
0.0666659
0.00946789
0.00975598
0.0107232
0.0120679
0.0131358
0.0134164
0.0130696
0.0126825
0.0128532
0.0134742
0.0137006
0.0132188
0.0126087
0.0125198
0.0130779
0.0137059
0.0136709
0.0132516
0.0133968
0.0141524
0.0146839
0.0146631
0.0145856
0.0148744
0.0154107
0.015836
0.0159625
0.0160409
0.0164235
0.0169325
0.0172049
0.0173889
0.0177664
0.018231
0.0186085
0.0189435
0.0193048
0.0196965
0.0201255
0.0205767
0.0210102
0.0214066
0.0217967
0.0222539
0.0227728
0.0232476
0.0236515
0.0241114
0.0246718
0.0252059
0.0256562
0.026151
0.0267406
0.0273076
0.0278145
0.0283654
0.0289706
0.029554
0.0301285
0.0307381
0.0313766
0.0320033
0.0326442
0.033304
0.0339837
0.034654
0.0353513
0.0360604
0.0367821
0.0375143
0.0382707
0.0390297
0.0398046
0.040602
0.0414075
0.042234
0.043072
0.0439404
0.0448075
0.0457094
0.0466208
0.0475631
0.0485115
0.0494838
0.0504816
0.051493
0.0525281
0.0535758
0.0546404
0.0557363
0.0568306
0.057971
0.0591003
0.0602718
0.061445
0.0626359
0.0638285
0.0649875
0.0660468
0.0666838
0.00952662
0.00982395
0.0106904
0.0119337
0.0130376
0.0134661
0.0132498
0.0128567
0.0128621
0.0133845
0.0137425
0.0134272
0.0128039
0.0125616
0.0130055
0.0137023
0.0138456
0.0134222
0.0133689
0.0140731
0.0147627
0.0148086
0.0146232
0.0148594
0.0154484
0.0158888
0.0160095
0.0160981
0.0164507
0.0169438
0.0172515
0.0174341
0.0177764
0.018244
0.0186424
0.0189757
0.0193226
0.0197067
0.0201385
0.0205926
0.0210259
0.0214226
0.0218086
0.0222606
0.0227826
0.0232628
0.0236634
0.0241166
0.0246784
0.0252183
0.0256653
0.0261531
0.0267451
0.0273165
0.0278204
0.0283685
0.0289758
0.0295603
0.0301328
0.0307424
0.0313822
0.0320079
0.0326473
0.0333071
0.0339868
0.0346568
0.0353547
0.036064
0.0367851
0.0375172
0.0382739
0.0390328
0.0398079
0.0406056
0.0414113
0.0422379
0.043076
0.0439444
0.0448113
0.0457135
0.0466248
0.047567
0.048515
0.0494873
0.0504846
0.0514957
0.0525304
0.0535783
0.0546427
0.055739
0.0568333
0.057974
0.0591041
0.0602762
0.0614521
0.062644
0.0638406
0.0650022
0.0660635
0.0667021
0.00955886
0.00989829
0.0106985
0.0118326
0.01293
0.0134789
0.0133926
0.0130394
0.0129262
0.0133101
0.0137298
0.0135882
0.0130192
0.012658
0.0129466
0.0136454
0.0139708
0.0136317
0.0134063
0.0139678
0.0147737
0.0149716
0.0147189
0.0148264
0.0154504
0.0159643
0.0160672
0.0161379
0.0164853
0.0169619
0.0172889
0.017484
0.0177929
0.0182509
0.0186736
0.0190117
0.0193435
0.0197174
0.0201505
0.0206088
0.0210424
0.0214393
0.0218222
0.0222674
0.0227916
0.0232787
0.0236765
0.0241219
0.0246844
0.0252309
0.0256757
0.0261556
0.0267489
0.0273256
0.0278271
0.0283716
0.0289811
0.0295668
0.0301373
0.0307467
0.031388
0.0320127
0.0326505
0.0333103
0.0339902
0.0346597
0.0353582
0.0360678
0.0367883
0.0375202
0.0382772
0.0390361
0.0398113
0.0406093
0.0414152
0.0422419
0.04308
0.0439484
0.0448151
0.0457177
0.046629
0.047571
0.0485185
0.049491
0.0504878
0.0514986
0.0525328
0.0535809
0.0546452
0.0557419
0.0568363
0.057977
0.0591082
0.0602809
0.0614595
0.0626526
0.0638529
0.0650173
0.0660803
0.0667206
0.00956211
0.0099631
0.010734
0.0117721
0.0128272
0.0134638
0.0134995
0.0132103
0.0130301
0.0132697
0.0136841
0.0136937
0.0132273
0.0128013
0.0129256
0.0135583
0.0140301
0.0138443
0.013519
0.0138785
0.0147115
0.0151076
0.0148791
0.014816
0.0153997
0.0160334
0.0161576
0.0161688
0.0165106
0.0169916
0.0173228
0.0175325
0.0178187
0.0182537
0.0186987
0.0190519
0.0193677
0.0197282
0.0201622
0.0206247
0.0210595
0.0214568
0.0218372
0.0222751
0.0227995
0.0232948
0.0236913
0.0241275
0.0246895
0.0252435
0.0256874
0.0261588
0.0267523
0.0273348
0.0278347
0.028375
0.0289862
0.0295737
0.030142
0.030751
0.0313938
0.0320178
0.0326539
0.0333136
0.0339937
0.0346628
0.0353619
0.0360716
0.0367916
0.0375233
0.0382806
0.0390395
0.0398148
0.0406131
0.0414192
0.042246
0.043084
0.0439526
0.0448191
0.0457219
0.0466333
0.0475751
0.048522
0.0494947
0.050491
0.0515015
0.0525353
0.0535837
0.0546478
0.0557448
0.0568395
0.0579802
0.0591127
0.0602859
0.0614672
0.0626617
0.0638653
0.0650328
0.0660974
0.0667393
0.00954141
0.0100092
0.0107784
0.0117485
0.0127428
0.0134302
0.0135762
0.0133598
0.0131545
0.0132701
0.013628
0.0137476
0.0134076
0.0129713
0.0129541
0.0134695
0.0140242
0.0140245
0.0136891
0.0138432
0.0146053
0.0151777
0.0150727
0.0148686
0.0153163
0.0160585
0.0162803
0.0162162
0.0165143
0.0170245
0.0173624
0.0175764
0.0178528
0.0182577
0.0187137
0.019095
0.0193985
0.0197378
0.0201732
0.0206411
0.0210764
0.021475
0.0218536
0.0222839
0.0228068
0.0233105
0.023708
0.0241339
0.0246935
0.0252563
0.0257005
0.0261624
0.0267552
0.0273442
0.0278431
0.0283786
0.0289912
0.0295809
0.0301471
0.0307552
0.0313997
0.0320232
0.0326576
0.0333171
0.0339975
0.0346661
0.0353656
0.0360757
0.036795
0.0375264
0.0382841
0.0390431
0.0398185
0.0406169
0.0414234
0.0422503
0.0430882
0.043957
0.0448232
0.0457264
0.0466377
0.0475793
0.0485256
0.0494987
0.0504944
0.0515046
0.052538
0.0535865
0.0546507
0.0557477
0.056843
0.0579835
0.0591175
0.0602912
0.0614751
0.0626713
0.0638778
0.0650486
0.0661148
0.0667582
0.00950582
0.0100385
0.010819
0.0117488
0.0126839
0.0133882
0.0136269
0.0134855
0.0132821
0.0133063
0.0135812
0.0137615
0.0135505
0.0131481
0.013028
0.0134048
0.0139706
0.0141473
0.0138841
0.0138779
0.0144959
0.0151705
0.0152535
0.0149986
0.0152449
0.016016
0.0164046
0.0163063
0.0165042
0.0170426
0.0174126
0.0176185
0.0178903
0.0182689
0.0187181
0.0191347
0.0194397
0.0197479
0.0201808
0.0206597
0.0210937
0.0214925
0.0218714
0.0222938
0.0228136
0.0233256
0.0237264
0.0241416
0.0246959
0.0252686
0.0257154
0.0261666
0.0267575
0.027354
0.0278522
0.0283822
0.028996
0.0295884
0.0301526
0.0307594
0.0314054
0.0320288
0.0326615
0.0333206
0.0340014
0.0346697
0.0353695
0.0360798
0.0367986
0.0375296
0.0382877
0.0390469
0.0398223
0.0406209
0.0414276
0.0422546
0.0430925
0.0439615
0.0448274
0.045731
0.0466422
0.0475837
0.0485293
0.0495027
0.0504978
0.0515078
0.0525408
0.0535895
0.0546538
0.0557507
0.0568468
0.057987
0.0591226
0.0602968
0.0614831
0.0626815
0.0638905
0.0650647
0.0661325
0.0667773
0.00946149
0.0100568
0.0108538
0.011761
0.0126499
0.0133476
0.013656
0.0135881
0.0134011
0.0133653
0.0135547
0.0137496
0.0136532
0.0133167
0.0131342
0.0133797
0.0138971
0.0142055
0.0140701
0.0139737
0.0144198
0.0151069
0.0153791
0.01518
0.0152309
0.0159207
0.0164888
0.0164443
0.016508
0.0170319
0.0174656
0.0176665
0.0179258
0.0182896
0.0187172
0.019163
0.0194912
0.0197652
0.0201815
0.0206787
0.0211147
0.0215083
0.0218895
0.0223057
0.0228199
0.0233399
0.023746
0.024151
0.0246972
0.0252798
0.0257323
0.0261717
0.0267587
0.0273641
0.0278626
0.0283858
0.0290005
0.0295963
0.0301587
0.0307637
0.0314112
0.0320348
0.0326656
0.033324
0.0340055
0.0346735
0.0353734
0.036084
0.0368024
0.0375328
0.0382915
0.039051
0.0398262
0.0406246
0.041432
0.0422591
0.0430967
0.043966
0.0448317
0.0457358
0.0466467
0.0475881
0.0485331
0.0495068
0.0505015
0.051511
0.0525439
0.0535924
0.0546571
0.0557537
0.0568508
0.0579907
0.0591279
0.0603029
0.0614912
0.0626921
0.0639035
0.0650809
0.0661504
0.0667965
0.00941272
0.010065
0.0108847
0.0117779
0.012635
0.0133169
0.0136709
0.0136708
0.0135078
0.0134339
0.0135493
0.013726
0.013716
0.0134649
0.013258
0.0133943
0.0138299
0.0142094
0.0142201
0.0141083
0.0143969
0.0150233
0.0154329
0.0153672
0.0152959
0.0158157
0.0165011
0.0166015
0.0165561
0.0169981
0.0175049
0.0177264
0.0179598
0.0183167
0.018719
0.0191749
0.0195448
0.0197971
0.0201767
0.020692
0.0211421
0.0215246
0.0219055
0.02232
0.0228266
0.023353
0.023767
0.0241621
0.0246976
0.0252897
0.0257508
0.0261783
0.0267587
0.0273741
0.0278745
0.0283896
0.0290043
0.0296045
0.0301654
0.0307679
0.0314167
0.032041
0.0326699
0.0333275
0.0340099
0.0346775
0.0353774
0.0360883
0.0368063
0.0375361
0.0382953
0.0390552
0.0398303
0.0406287
0.0414365
0.0422638
0.043101
0.0439707
0.0448361
0.0457406
0.0466513
0.0475926
0.0485369
0.0495111
0.0505054
0.0515143
0.0525472
0.0535955
0.0546608
0.0557568
0.056855
0.0579947
0.0591332
0.0603095
0.0614995
0.0627031
0.0639166
0.0650971
0.0661686
0.0668158
0.00936778
0.0100633
0.0109109
0.0117966
0.0126312
0.0132981
0.0136781
0.0137366
0.0136028
0.0135043
0.0135608
0.0137026
0.013745
0.0135837
0.0133874
0.0134407
0.0137855
0.0141799
0.014319
0.0142546
0.0144263
0.0149523
0.0154294
0.0155185
0.0154246
0.0157479
0.016444
0.0167349
0.0166599
0.0169663
0.0175143
0.0177936
0.0179989
0.0183456
0.0187304
0.0191742
0.0195891
0.019846
0.0201745
0.0206924
0.0211734
0.0215474
0.0219179
0.0223344
0.0228352
0.0233649
0.0237889
0.0241751
0.0246972
0.0252984
0.0257706
0.0261865
0.0267577
0.0273836
0.027888
0.0283937
0.0290072
0.0296129
0.030173
0.0307723
0.0314221
0.0320475
0.0326744
0.033331
0.0340146
0.034682
0.0353815
0.0360926
0.0368103
0.0375395
0.0382992
0.0390596
0.0398345
0.0406328
0.0414411
0.0422686
0.0431053
0.0439756
0.0448408
0.0457457
0.046656
0.0475972
0.0485408
0.0495153
0.0505094
0.0515175
0.0525507
0.0535985
0.0546647
0.0557601
0.0568594
0.0579992
0.0591387
0.0603165
0.0615079
0.0627144
0.0639301
0.0651135
0.066187
0.0668352
0.00933692
0.0100573
0.0109315
0.0118161
0.0126327
0.0132879
0.0136822
0.0137868
0.0136867
0.0135728
0.0135828
0.0136858
0.0137509
0.013668
0.0135101
0.0135102
0.0137694
0.0141404
0.0143681
0.0143865
0.0144942
0.014912
0.0153966
0.0156136
0.0155788
0.0157479
0.0163538
0.0168081
0.0167995
0.0169661
0.0174931
0.0178524
0.0180474
0.018373
0.0187522
0.0191715
0.0196168
0.0199063
0.0201868
0.0206791
0.0211985
0.0215808
0.0219303
0.0223445
0.0228457
0.0233771
0.023811
0.0241901
0.024696
0.0253056
0.025792
0.0261964
0.0267557
0.0273921
0.027903
0.0283988
0.0290091
0.0296211
0.0301816
0.0307769
0.0314272
0.0320543
0.0326792
0.0333343
0.0340195
0.0346867
0.0353856
0.0360971
0.0368145
0.0375429
0.0383033
0.0390643
0.0398389
0.0406369
0.0414458
0.0422735
0.0431097
0.0439805
0.0448454
0.0457508
0.0466609
0.0476019
0.048545
0.0495196
0.0505137
0.0515209
0.0525544
0.0536016
0.0546686
0.0557636
0.0568637
0.0580039
0.0591443
0.060324
0.0615166
0.062726
0.0639439
0.0651298
0.0662054
0.0668547
0.0093247
0.0100553
0.0109481
0.0118351
0.0126373
0.0132821
0.0136857
0.0138241
0.0137591
0.0136385
0.0136096
0.0136761
0.0137437
0.0137184
0.0136127
0.0135912
0.013779
0.0141085
0.0143829
0.0144881
0.0145837
0.0149064
0.0153592
0.0156576
0.0157181
0.015812
0.0162749
0.0168128
0.0169384
0.0170155
0.0174613
0.0178888
0.0181039
0.0184005
0.0187778
0.019174
0.0196272
0.0199653
0.0202214
0.020663
0.0212078
0.0216222
0.0219517
0.0223482
0.0228536
0.0233914
0.0238335
0.0242067
0.0246945
0.0253107
0.0258148
0.0262086
0.0267528
0.0273995
0.0279194
0.028405
0.0290102
0.0296287
0.030191
0.0307819
0.031432
0.0320614
0.0326843
0.0333374
0.0340246
0.0346919
0.0353896
0.0361017
0.0368189
0.0375464
0.0383075
0.039069
0.0398391
0.040641
0.0414507
0.0422786
0.043114
0.0439855
0.0448501
0.0457559
0.0466658
0.0476065
0.0485493
0.0495238
0.0505183
0.0515243
0.0525584
0.053605
0.0546728
0.0557674
0.0568681
0.0580091
0.05915
0.0603316
0.0615255
0.0627377
0.0639581
0.0651462
0.0662239
0.0668742
0.00932762
0.0100621
0.0109642
0.0118521
0.0126428
0.013277
0.0136875
0.0138506
0.0138182
0.0137011
0.0136395
0.0136723
0.0137317
0.0137431
0.013688
0.0136709
0.0138074
0.0140898
0.0143799
0.0145549
0.0146756
0.0149319
0.015334
0.0156717
0.0158202
0.0159109
0.0162403
0.0167701
0.0170401
0.0171052
0.0174429
0.0178998
0.0181605
0.0184335
0.0188041
0.0191851
0.0196277
0.0200104
0.0202726
0.0206572
0.0211982
0.0216598
0.02199
0.0223528
0.0228531
0.0234069
0.0238591
0.0242242
0.0246923
0.0253133
0.0258385
0.0262237
0.0267488
0.0274051
0.0279372
0.0284129
0.0290108
0.0296358
0.030201
0.0307872
0.0314366
0.0320686
0.0326896
0.0333405
0.0340298
0.0346974
0.0353937
0.0361062
0.0368234
0.0375498
0.0383117
0.0390743
0.0398447
0.0406454
0.0414556
0.0422838
0.0431186
0.0439907
0.0448553
0.0457611
0.0466709
0.047611
0.0485539
0.0495279
0.0505228
0.0515276
0.0525623
0.0536084
0.0546769
0.0557716
0.0568725
0.0580148
0.059156
0.0603396
0.0615349
0.0627493
0.0639724
0.0651625
0.0662422
0.0668937
0.00933972
0.0100786
0.0109836
0.0118687
0.0126485
0.0132715
0.0136851
0.0138667
0.013861
0.0137564
0.0136709
0.0136718
0.0137182
0.0137499
0.0137364
0.0137379
0.0138469
0.0140847
0.0143707
0.0145926
0.0147536
0.0149779
0.0153261
0.0156741
0.0158861
0.0160129
0.0162586
0.0167168
0.0170886
0.0172095
0.0174536
0.0178938
0.0182062
0.0184719
0.0188307
0.0192033
0.019628
0.0200398
0.0203283
0.0206704
0.0211788
0.0216789
0.0220399
0.0223696
0.0228425
0.0234169
0.023891
0.0242455
0.0246892
0.0253131
0.0258628
0.0262426
0.0267441
0.0274079
0.0279559
0.0284225
0.0290109
0.029642
0.0302115
0.0307932
0.031441
0.032076
0.0326952
0.0333434
0.0340352
0.0347033
0.0353977
0.036111
0.036828
0.0375531
0.0383158
0.0390798
0.0398493
0.0406499
0.0414605
0.042289
0.0431232
0.0439958
0.0448605
0.0457664
0.0466762
0.0476157
0.0485587
0.0495323
0.0505277
0.0515314
0.0525664
0.0536122
0.0546808
0.055776
0.0568768
0.0580205
0.0591621
0.0603476
0.0615446
0.0627613
0.063987
0.0651791
0.0662605
0.0669131
0.00935829
0.0101035
0.0110095
0.0118884
0.0126557
0.013266
0.0136776
0.0138716
0.013886
0.0137974
0.0136996
0.0136712
0.0137019
0.0137435
0.0137629
0.0137875
0.0138885
0.0140928
0.0143627
0.0146123
0.014811
0.0150316
0.0153348
0.0156732
0.015926
0.0160953
0.0163107
0.0166842
0.0170937
0.0173026
0.0174955
0.0178865
0.0182383
0.0185116
0.0188579
0.0192255
0.0196316
0.0200585
0.0203787
0.0207008
0.0211657
0.021677
0.0220867
0.0224064
0.0228299
0.0234109
0.023925
0.0242753
0.0246849
0.0253076
0.0258873
0.0262668
0.0267402
0.0274073
0.0279755
0.0284347
0.029011
0.0296476
0.0302222
0.0307991
0.0314451
0.0320837
0.0327013
0.0333462
0.0340405
0.0347095
0.0354015
0.0361158
0.036833
0.0375567
0.0383201
0.0390856
0.039853
0.0406535
0.0414655
0.0422941
0.0431279
0.0440008
0.0448658
0.0457714
0.0466814
0.0476201
0.0485637
0.0495364
0.0505324
0.0515353
0.0525705
0.0536164
0.0546851
0.0557809
0.0568815
0.0580267
0.0591687
0.0603557
0.0615545
0.062773
0.0640014
0.0651954
0.0662785
0.0669323
0.00938297
0.0101343
0.0110407
0.0119112
0.0126639
0.0132589
0.0136638
0.0138643
0.0138929
0.0138193
0.0137194
0.0136679
0.0136815
0.0137264
0.0137717
0.0138206
0.0139242
0.0141102
0.01436
0.0146221
0.0148501
0.0150814
0.0153579
0.0156752
0.0159516
0.0161538
0.0163702
0.0166816
0.0170756
0.0173645
0.0175554
0.0178884
0.0182594
0.01855
0.0188861
0.0192518
0.0196404
0.0200708
0.0204203
0.0207381
0.0211669
0.0216657
0.0221171
0.0224598
0.0228322
0.023388
0.0239507
0.0243184
0.0246844
0.0252924
0.0259085
0.0262969
0.0267371
0.0274014
0.0279943
0.0284498
0.0290112
0.0296526
0.0302338
0.0308055
0.0314486
0.0320918
0.0327081
0.033349
0.0340458
0.0347161
0.0354053
0.0361211
0.0368383
0.03756
0.0383244
0.0390915
0.0398581
0.0406588
0.0414709
0.0422993
0.0431329
0.044006
0.0448715
0.0457767
0.0466868
0.0476248
0.0485687
0.0495409
0.0505371
0.0515393
0.0525743
0.0536204
0.054689
0.0557858
0.0568862
0.0580328
0.0591757
0.060364
0.061565
0.0627852
0.064016
0.0652119
0.0662964
0.0669514
0.00941651
0.0101708
0.0110759
0.0119359
0.012671
0.0132476
0.0136414
0.0138435
0.0138812
0.0138193
0.0137232
0.0136576
0.0136547
0.0136987
0.0137637
0.0138378
0.0139502
0.0141302
0.0143648
0.0146288
0.0148766
0.0151209
0.0153877
0.0156832
0.0159696
0.016197
0.0164224
0.0167022
0.0170576
0.0173926
0.0176158
0.0179027
0.0182721
0.0185836
0.0189121
0.0192789
0.0196551
0.0200791
0.0204548
0.0207765
0.0211794
0.0216581
0.0221276
0.0225116
0.0228597
0.0233597
0.0239561
0.0243731
0.0246991
0.025269
0.025923
0.0263358
0.0267392
0.02739
0.0280108
0.0284681
0.0290114
0.0296553
0.0302453
0.0308119
0.0314508
0.0320997
0.0327156
0.0333515
0.0340506
0.0347228
0.0354089
0.0361257
0.0368439
0.0375634
0.0383282
0.0390975
0.0398615
0.0406619
0.0414759
0.0423042
0.0431377
0.0440107
0.0448769
0.0457818
0.046692
0.0476293
0.0485737
0.0495453
0.0505416
0.0515437
0.0525783
0.053625
0.0546932
0.0557908
0.0568908
0.0580387
0.0591825
0.0603717
0.0615748
0.0627968
0.0640301
0.0652279
0.0663138
0.0669698
0.00945815
0.0102121
0.0111128
0.0119603
0.0126742
0.013229
0.0136066
0.0138048
0.0138467
0.013792
0.0137024
0.0136322
0.0136181
0.0136599
0.0137403
0.0138401
0.0139676
0.0141491
0.0143764
0.0146373
0.0148962
0.0151501
0.0154161
0.0156961
0.0159823
0.0162302
0.016464
0.0167317
0.0170525
0.0173988
0.0176653
0.0179309
0.0182836
0.0186131
0.0189369
0.0193031
0.0196744
0.0200841
0.0204794
0.0208132
0.0211963
0.0216591
0.0221285
0.0225474
0.0229059
0.0233424
0.0239341
0.0244236
0.0247351
0.0252402
0.0259223
0.0263815
0.0267505
0.027374
0.0280241
0.028492
0.029015
0.0296574
0.0302584
0.0308202
0.0314521
0.0321077
0.032725
0.0333546
0.0340554
0.03473
0.0354127
0.0361304
0.0368497
0.037567
0.0383329
0.0391032
0.0398674
0.040668
0.0414819
0.0423099
0.0431433
0.0440162
0.0448832
0.0457876
0.0466976
0.0476343
0.0485791
0.0495506
0.0505464
0.0515485
0.0525825
0.0536297
0.0546979
0.0557964
0.0568966
0.0580454
0.0591906
0.0603806
0.0615858
0.0628095
0.0640445
0.0652443
0.0663313
0.0669884
0.0095255
0.0102709
0.0111591
0.0119891
0.012676
0.0132012
0.013554
0.0137385
0.0137781
0.0137264
0.013645
0.013579
0.0135639
0.0136074
0.0137014
0.013827
0.0139758
0.0141658
0.014392
0.0146492
0.0149119
0.015171
0.0154383
0.0157106
0.0159925
0.0162555
0.0164968
0.0167591
0.0170584
0.0173952
0.017697
0.0179669
0.0182984
0.0186386
0.0189636
0.0193259
0.0196986
0.0200921
0.0204956
0.0208486
0.0212156
0.0216642
0.0221295
0.0225643
0.0229547
0.023349
0.0238956
0.0244543
0.0247935
0.0252165
0.0258994
0.0264266
0.0267717
0.0273509
0.0280267
0.0285163
0.0290196
0.0296547
0.0302693
0.0308289
0.031451
0.0321135
0.0327349
0.0333573
0.0340588
0.0347365
0.035416
0.0361344
0.0368557
0.0375704
0.0383361
0.0391095
0.0398709
0.0406704
0.0414865
0.0423143
0.0431477
0.0440204
0.0448883
0.0457926
0.0467021
0.0476385
0.0485835
0.0495548
0.0505503
0.0515526
0.0525861
0.0536336
0.0547016
0.0558007
0.0569011
0.0580506
0.0591973
0.060388
0.0615953
0.0628209
0.0640579
0.0652596
0.0663478
0.0670055
0.00960844
0.0103374
0.0112092
0.0120215
0.0126872
0.0131784
0.0134981
0.0136573
0.0136861
0.0136328
0.0135594
0.0135042
0.0134976
0.0135499
0.0136571
0.0138082
0.0139822
0.0141866
0.0144159
0.0146688
0.0149293
0.015188
0.0154551
0.0157245
0.0160028
0.0162751
0.0165251
0.0167851
0.0170718
0.0173934
0.0177142
0.0180039
0.0183203
0.0186605
0.018992
0.0193478
0.0197232
0.0201066
0.0205075
0.0208833
0.0212429
0.0216736
0.0221384
0.0225736
0.022994
0.0233828
0.0238626
0.0244569
0.0248686
0.0252198
0.025861
0.0264691
0.0268156
0.0273329
0.0280233
0.0285462
0.0290327
0.029653
0.030281
0.0308414
0.0314506
0.032119
0.0327476
0.0333626
0.0340623
0.0347434
0.0354204
0.036139
0.0368623
0.0375745
0.0383425
0.0391155
0.0398772
0.0406765
0.0414927
0.0423206
0.0431536
0.044026
0.0448948
0.045799
0.0467077
0.0476441
0.0485894
0.0495607
0.0505553
0.0515579
0.052591
0.0536389
0.0547074
0.0558068
0.0569076
0.0580577
0.0592058
0.0603973
0.061606
0.0628336
0.0640718
0.065275
0.0663645
0.0670234
0.00974534
0.0104158
0.0112271
0.0119806
0.0125856
0.0130344
0.0133133
0.013448
0.0134733
0.0134313
0.0133772
0.0133498
0.0133715
0.0134522
0.013583
0.0137638
0.0139672
0.01419
0.014426
0.0146741
0.0149309
0.0151864
0.0154528
0.015723
0.0160006
0.0162785
0.0165376
0.0168005
0.0170805
0.0173897
0.0177175
0.018029
0.0183431
0.0186769
0.0190154
0.0193656
0.0197384
0.0201197
0.020511
0.0209034
0.0212703
0.0216791
0.0221441
0.0225796
0.0230102
0.0234231
0.0238477
0.0244237
0.0249252
0.0252488
0.0258065
0.0264811
0.026869
0.0273176
0.028002
0.0285709
0.0290489
0.0296478
0.0302888
0.0308536
0.0314486
0.0321204
0.0327587
0.0333677
0.0340644
0.0347486
0.0354238
0.036142
0.0368681
0.0375784
0.0383427
0.03912
0.039881
0.0406788
0.0414968
0.0423255
0.0431579
0.0440303
0.0449
0.0458044
0.0467118
0.0476483
0.0485936
0.0495649
0.050559
0.0515617
0.0525945
0.0536422
0.0547109
0.0558107
0.0569121
0.0580629
0.0592125
0.060405
0.0616152
0.0628449
0.0640848
0.0652895
0.06638
0.0670389
0.0100084
0.0106399
0.0113959
0.0120756
0.0125979
0.0129364
0.0131274
0.0131963
0.0132112
0.0131957
0.0131801
0.013201
0.013269
0.0133909
0.0135507
0.013751
0.013972
0.0142027
0.0144413
0.0146819
0.0149331
0.0151847
0.0154482
0.015721
0.0159985
0.016281
0.0165492
0.01682
0.0170987
0.0173987
0.0177249
0.0180484
0.0183694
0.0186992
0.0190406
0.0193904
0.0197564
0.0201392
0.0205248
0.0209206
0.0213045
0.0216956
0.0221497
0.0225951
0.0230184
0.0234591
0.0238708
0.0243899
0.024956
0.0253131
0.0257754
0.0264683
0.0269323
0.027327
0.0279723
0.0285901
0.0290737
0.029644
0.0302944
0.0308679
0.031449
0.0321212
0.032771
0.0333765
0.0340676
0.0347536
0.035428
0.036146
0.0368752
0.0375847
0.0383482
0.0391263
0.0398873
0.0406842
0.0415019
0.0423318
0.0431632
0.0440349
0.0449059
0.0458103
0.0467168
0.0476535
0.0485993
0.0495703
0.0505639
0.0515667
0.0525996
0.0536474
0.0547167
0.0558167
0.0569183
0.0580694
0.0592202
0.0604137
0.061625
0.0628562
0.0640973
0.0653035
0.0663952
0.0670556
0.0101098
0.0105546
0.011115
0.0116298
0.0120444
0.0123524
0.0125724
0.0127228
0.0128018
0.0128708
0.0129579
0.0130737
0.0132112
0.0133756
0.0135579
0.0137606
0.0139808
0.0142059
0.0144395
0.0146725
0.0149172
0.0151673
0.0154273
0.0157036
0.0159816
0.0162692
0.0165485
0.0168285
0.0171131
0.0174093
0.0177318
0.0180575
0.018386
0.0187187
0.0190576
0.0194076
0.0197672
0.0201479
0.020536
0.0209285
0.0213274
0.0217167
0.0221506
0.022608
0.0230243
0.0234714
0.0239049
0.0243682
0.0249438
0.0253731
0.0257719
0.0264285
0.0269782
0.0273589
0.0279412
0.0285968
0.0291058
0.0296452
0.030297
0.0308841
0.0314516
0.0321185
0.0327799
0.0333853
0.0340704
0.0347578
0.0354316
0.0361479
0.0368796
0.0375868
0.038348
0.0391259
0.0398913
0.0406866
0.0415055
0.0423381
0.0431689
0.0440401
0.0449125
0.0458168
0.0467216
0.0476586
0.0486045
0.0495752
0.0505683
0.0515708
0.0526036
0.0536509
0.0547207
0.0558211
0.0569235
0.0580755
0.0592274
0.0604221
0.0616343
0.0628676
0.0641101
0.0653171
0.0664096
0.0670693
0.0117875
0.0116332
0.0113959
0.0112299
0.0111885
0.0112702
0.0114472
0.0117014
0.012035
0.0123867
0.0126982
0.0129628
0.0131889
0.0133952
0.0135927
0.0137874
0.0139927
0.0142052
0.0144287
0.0146569
0.0148955
0.0151465
0.0154046
0.0156822
0.0159617
0.0162516
0.0165425
0.0168288
0.0171213
0.0174188
0.017738
0.0180643
0.018397
0.0187386
0.0190762
0.0194263
0.0197836
0.0201579
0.0205507
0.0209392
0.0213425
0.0217391
0.022153
0.0226125
0.0230334
0.023474
0.0239353
0.0243735
0.0249166
0.0254134
0.0258005
0.0263849
0.0269941
0.0274035
0.0279166
0.0285825
0.0291317
0.0296481
0.0302907
0.0308963
0.0314571
0.0321135
0.0327867
0.0333962
0.0340731
0.0347614
0.0354355
0.0361491
0.0368866
0.0375975
0.0383508
0.0391318
0.0398997
0.0406912
0.0415082
0.0423431
0.0431725
0.0440426
0.0449167
0.0458208
0.0467245
0.047662
0.0486088
0.0495789
0.0505717
0.0515744
0.0526075
0.0536552
0.0547252
0.0558259
0.0569282
0.0580805
0.0592333
0.0604289
0.0616422
0.0628764
0.0641204
0.0653286
0.0664224
0.0670841
0.0115005
0.0112118
0.0108323
0.0105518
0.0104508
0.0105444
0.010814
0.0112133
0.0116618
0.0120994
0.0124932
0.0128305
0.0131122
0.0133557
0.0135779
0.0137867
0.0139948
0.0142071
0.0144256
0.0146532
0.0148891
0.0151396
0.0153981
0.0156705
0.0159494
0.0162362
0.0165339
0.0168257
0.017125
0.0174287
0.0177438
0.0180741
0.0184076
0.0187547
0.0190927
0.0194401
0.0198002
0.0201667
0.020564
0.0209548
0.0213568
0.0217645
0.0221662
0.0226165
0.0230485
0.0234804
0.0239555
0.0243982
0.024896
0.0254268
0.0258499
0.0263637
0.0269868
0.0274592
0.0279232
0.0285658
0.0291599
0.0296683
0.0302879
0.0309107
0.0314707
0.0321081
0.0327907
0.0334084
0.0340759
0.0347661
0.0354413
0.036148
0.03689
0.0376021
0.0383494
0.0391313
0.0399055
0.0406951
0.0415115
0.0423506
0.0431804
0.0440496
0.0449254
0.045829
0.0467307
0.0476688
0.0486156
0.049585
0.050577
0.0515793
0.0526121
0.0536593
0.0547299
0.055831
0.056934
0.0580874
0.0592411
0.0604381
0.0616518
0.0628878
0.0641325
0.065341
0.066435
0.0670956
0.0122888
0.0119692
0.0115257
0.0111432
0.0108973
0.0108224
0.010911
0.0111247
0.0114084
0.0117392
0.0120923
0.0124478
0.012786
0.0130991
0.0133879
0.013659
0.0139166
0.0141648
0.0144062
0.0146466
0.0148896
0.0151403
0.0153996
0.0156636
0.015937
0.0162175
0.0165103
0.0168062
0.0171086
0.0174219
0.0177379
0.0180761
0.0184139
0.0187588
0.019102
0.0194467
0.0198127
0.0201747
0.020569
0.0209656
0.0213602
0.0217757
0.0221733
0.0226085
0.023052
0.0234821
0.0239596
0.024419
0.024885
0.0254139
0.025886
0.0263613
0.0269519
0.0274862
0.0279419
0.0285334
0.0291614
0.0296864
0.0302744
0.0309134
0.0314869
0.0320995
0.0327901
0.0334214
0.0340756
0.0347692
0.0354478
0.0361448
0.0368937
0.0376145
0.0383517
0.0391334
0.0399138
0.0406995
0.0415121
0.0423535
0.0431824
0.0440505
0.0449281
0.045831
0.0467315
0.0476707
0.0486186
0.0495872
0.0505791
0.0515817
0.052615
0.0536626
0.0547332
0.0558343
0.0569372
0.0580908
0.0592451
0.0604427
0.0616573
0.0628938
0.0641403
0.0653498
0.066445
0.0671074
0.0102457
0.0105254
0.0108909
0.0112109
0.0114439
0.0115843
0.0116486
0.0116899
0.0117485
0.0118652
0.0120578
0.0123182
0.0126213
0.012942
0.013265
0.0135764
0.0138693
0.0141434
0.0144044
0.014656
0.0149066
0.0151599
0.0154182
0.0156776
0.0159418
0.0162148
0.0164964
0.0167943
0.0171003
0.0174204
0.0177459
0.0180878
0.0184308
0.018766
0.0191123
0.0194579
0.0198242
0.0201931
0.0205778
0.0209819
0.0213733
0.0217879
0.0221936
0.0226094
0.023059
0.0234941
0.0239632
0.0244393
0.0248916
0.025403
0.0259096
0.0263867
0.0269333
0.027496
0.027988
0.028528
0.0291558
0.0297208
0.0302741
0.0309113
0.0315129
0.0320949
0.0327838
0.0334378
0.0340753
0.0347708
0.0354593
0.0361396
0.0368927
0.0376242
0.0383505
0.0391294
0.0399202
0.0407044
0.0415156
0.0423613
0.0431908
0.0440585
0.0449381
0.04584
0.0467379
0.047678
0.0486258
0.0495934
0.0505842
0.0515862
0.0526192
0.0536665
0.0547379
0.0558392
0.056943
0.0580975
0.0592524
0.0604514
0.0616662
0.0629038
0.0641504
0.0653599
0.0664549
0.0671163
0.0122277
0.0118543
0.011332
0.0108562
0.0105101
0.0103458
0.010371
0.0105544
0.0108593
0.0112386
0.01165
0.0120659
0.0124722
0.0128549
0.013211
0.0135392
0.0138418
0.0141215
0.0143836
0.0146361
0.014887
0.0151429
0.0154014
0.0156627
0.0159242
0.0161935
0.0164716
0.0167706
0.0170837
0.0174072
0.0177447
0.0180895
0.018434
0.0187654
0.0191093
0.0194627
0.0198247
0.0202027
0.0205826
0.0209845
0.0213815
0.0217859
0.0222028
0.0226089
0.0230546
0.0235036
0.0239615
0.024448
0.0249009
0.0253935
0.0259126
0.0264035
0.026926
0.0274791
0.0280102
0.0285342
0.0291312
0.0297361
0.0302805
0.0308958
0.0315321
0.032099
0.0327711
0.0334515
0.0340783
0.0347661
0.0354705
0.0361385
0.0368884
0.0376361
0.038355
0.039127
0.0399262
0.0407088
0.0415146
0.0423629
0.0431919
0.044058
0.0449397
0.0458417
0.0467379
0.0476788
0.0486278
0.0495951
0.0505857
0.051588
0.0526211
0.0536685
0.0547399
0.0558411
0.0569446
0.0580994
0.0592544
0.0604538
0.0616693
0.0629072
0.0641552
0.0653657
0.0664616
0.0671237
0.011608
0.0111398
0.0105465
0.0100539
0.00976201
0.00968183
0.00980673
0.0101104
0.0105363
0.011023
0.0115213
0.0120005
0.0124478
0.0128545
0.0132205
0.0135494
0.0138471
0.0141213
0.0143778
0.0146275
0.0148766
0.0151321
0.0153913
0.0156537
0.0159156
0.0161823
0.0164603
0.0167591
0.0170761
0.0174022
0.0177445
0.0180924
0.0184341
0.0187661
0.0191064
0.0194634
0.0198252
0.020204
0.020588
0.020985
0.0213873
0.0217877
0.0222043
0.0226126
0.023049
0.0235042
0.0239594
0.0244442
0.0249053
0.0253909
0.0259112
0.0264126
0.0269337
0.0274765
0.0280189
0.0285531
0.0291291
0.0297409
0.0302954
0.0308917
0.0315372
0.0321093
0.0327645
0.0334546
0.0340848
0.0347631
0.0354755
0.0361418
0.0368839
0.0376379
0.0383578
0.0391238
0.0399284
0.0407155
0.0415196
0.0423701
0.0432015
0.0440669
0.0449489
0.0458515
0.0467457
0.0476859
0.0486344
0.049601
0.0505906
0.051592
0.052625
0.053672
0.0547442
0.0558458
0.05695
0.0581055
0.0592608
0.0604611
0.0616763
0.0629149
0.0641622
0.0653728
0.0664684
0.0671307
)
;

boundaryField
{
    zeroGradientPlanes
    {
        type            zeroGradient;
    }
    inlet
    {
        type            zeroGradient;
    }
    plate
    {
        type            zeroGradient;
    }
    frontAndBack
    {
        type            empty;
    }
}


// ************************************************************************* //
